160 80
856 680 804 1628 55 179 303 427 551 675 799 0 50 174 298 422 546 670 794 918 45 169 293 417 541 665 789 913 40 164 288 412 536 660 784 908 35 159 283 407 0 655 779 903 30 154 278 402 526 650 774 898 25 149 273 397 521 645 769 893 20 144 268 392 516 640 764 888 15 0 263 387 511 635 759 883 10 134 258 382
752 1213 77 238 399 560 721 882 46 207 1068 529 690 851 15 176 337 498 659 820 981 0 306 467 628 789 950 114 275 436 597 758 919 83 244 405 566 727 888 52 213 374 535 696 857 21 182 343 504 665 0 987 151 312 473 634 795 956 120 281 442 603 764 925 89 250 411 572 733 894 58 219 380 541 702 863 27 188 349 0
948 149 647 545 743 941 142 340 538 736 934 135 333 531 729 927 128 1026 524 722 920 121 319 517 715 913 0 312 510 708 906 107 305 503 701 899 100 298 496 694 892 93 291 489 687 885 86 284 482 680 878 79 277 475 673 0 72 270 468 666 864 65 263 461 659 857 58 256 454 652 850 51 249 447 645 843 44 242 440 638
0 382 617 1152 90 325 560 795 33 268 503 738 973 211 446 681 916 154 389 624 859 97 332 567 1502 40 275 510 745 0 218 453 688 923 161 396 631 866 104 339 574 809 47 282 517 752 987 225 460 695 930 168 403 638 873 111 346 581 0 54 289 524 759 994 232 467 702 937 175 410 645 880 118 353 588 823 61 296 531 766
343 615 0 162 734 706 978 253 525 797 72 344 616 888 163 435 707 979 254 526 798 73 345 617 889 164 436 708 980 255 527 0 74 346 618 890 165 437 709 981 256 528 800 75 347 619 891 166 438 710 982 257 529 801 76 348 620 892 167 439 0 983 258 530 802 77 349 621 893 168 440 712 984 259 531 803 78 350 622 894
539 848 160 469 778 390 399 708 20 329 638 947 259 568 877 189 498 807 119 428 0 49 358 667 976 288 597 906 218 527 836 148 457 766 78 387 696 8 1017 626 935 247 556 865 177 486 795 107 416 0 37 346 655 964 276 585 894 206 515 824 136 445 754 66 375 684 993 305 614 923 235 544 853 165 474 783 95 404 0 25
735 84 430 776 125 471 1117 166 512 858 207 553 899 248 594 940 289 635 981 0 676 25 371 717 66 412 758 107 453 799 148 494 840 189 535 881 230 576 922 271 617 963 312 658 7 1053 699 48 0 740 89 435 781 130 476 822 171 517 863 212 558 904 253 599 945 294 640 986 335 681 30 376 722 71 417 763 112 0 804 153
931 317 700 86 469 852 238 921 7 390 773 159 542 925 311 0 80 463 846 232 615 1 384 767 153 536 919 305 688 74 457 840 226 609 992 378 761 147 530 913 299 682 68 451 0 220 603 986 372 755 141 524 1607 293 676 62 445 828 214 597 980 366 749 135 518 901 287 670 56 439 822 208 591 0 360 743 129 512 895 281
130 550 970 393 813 236 0 79 799 919 342 762 185 605 28 448 868 291 711 134 554 974 397 817 240 660 83 503 923 346 766 189 609 32 452 0 295 715 138 558 978 401 821 244 664 87 507 927 350 770 193 613 36 456 876 299 719 142 562 1682 405 825 248 668 0 511 931 354 774 197 617 40 460 880 303 723 146 566 986 409
326 783 243 700 160 617 77 534 991 751 908 368 825 285 742 202 659 119 576 36 493 950 410 867 327 0 244 701 161 618 78 535 992 452 909 369 826 286 743 203 660 120 577 37 494 951 411 868 328 785 245 702 162 619 0 536 993 453 910 370 827 287 744 204 661 121 1278 38 495 952 412 869 329 786 246 703 163 620 80 537
522 19 513 10 504 1 495 0 486 980 777 971 468 962 459 953 450 944 441 935 432 926 423 917 414 908 405 899 396 890 387 881 378 872 369 863 0 854 351 845 342 836 333 827 324 818 315 809 306 800 297 791 288 782 279 773 270 764 261 755 252 746 243 737 234 0 225 719 216 710 207 701 198 1392 189 683 180 674 171 665
1418 252 783 317 848 382 913 447 978 512 46 877 111 642 176 707 241 772 306 837 371 902 436 0 501 35 566 100 631 165 696 230 761 295 826 360 891 425 956 490 24 555 89 620 154 685 219 750 284 815 349 880 0 945 479 13 544 78 609 143 674 208 739 273 804 338 869 403 934 468 2 533 67 598 132 663 197 728 262 793
914 485 56 624 195 763 334 1602 473 44 612 183 1051 322 890 461 0 600 171 739 310 878 449 20 588 159 727 298 866 437 8 576 147 715 286 854 425 993 564 135 703 274 842 413 981 0 123 691 262 830 401 969 540 111 679 250 818 389 957 528 99 667 238 806 377 945 516 87 655 226 794 365 933 504 0 643 214 782 353 921
113 718 326 931 539 147 752 360 0 573 181 786 394 302 1307 215 820 428 36 641 249 854 462 70 675 283 888 496 104 709 317 922 530 138 743 351 956 0 172 777 385 990 598 206 811 419 27 632 240 845 453 61 666 274 879 487 95 700 308 913 521 129 734 342 947 555 0 768 376 981 589 197 802 410 18 623 231 836 444 52
309 0 596 241 883 528 173 815 460 105 747 392 37 679 624 966 611 256 898 543 188 1530 475 120 762 407 52 694 339 981 0 271 913 558 203 845 490 135 777 422 67 709 354 996 641 286 928 573 218 860 505 150 792 437 82 724 369 14 656 0 943 588 233 875 520 165 807 452 97 739 384 29 671 316 958 603 248 890 535 180
505 187 866 548 230 909 591 273 952 634 316 995 677 359 41 1020 402 0 763 445 127 806 488 170 849 531 213 892 1274 256 935 617 299 978 660 342 24 703 385 67 746 428 110 789 471 153 0 514 196 875 557 239 918 600 282 961 643 325 7 686 368 50 729 411 93 772 454 136 815 497 179 858 540 222 901 0 265 944 626 308
701 420 139 855 574 293 12 728 447 166 882 601 320 39 755 474 493 909 628 347 66 782 501 220 936 655 374 93 0 528 247 963 682 401 120 1536 555 274 990 709 428 147 863 582 301 20 736 455 174 890 609 328 47 763 482 201 917 0 355 74 790 509 228 944 663 382 101 817 536 255 971 690 409 128 844 563 282 1 717 436
897 653 409 165 918 674 430 186 939 695 451 207 960 716 472 228 981 1037 0 249 5 758 514 270 26 779 535 291 47 800 556 312 68 821 577 333 89 842 598 354 110 863 1319 375 131 884 640 0 152 905 661 417 173 926 682 438 194 947 703 459 215 968 724 480 236 989 745 501 257 13 766 522 278 34 787 543 0 55 808 564
96 886 679 472 265 58 848 641 434 0 20 810 603 396 189 979 772 565 658 151 941 734 527 320 113 903 696 489 282 75 865 658 451 244 37 827 620 413 0 996 789 582 375 168 958 751 544 337 130 1620 713 506 299 92 882 675 468 261 54 844 637 430 223 16 806 599 392 0 975 768 561 354 147 937 730 523 316 109 899 692
292 122 949 779 609 0 269 99 926 756 586 416 246 76 903 733 563 393 223 353 880 710 540 370 200 30 857 687 517 347 177 7 834 664 0 324 154 981 811 641 471 301 131 958 788 618 448 278 108 935 765 595 425 255 85 912 1442 572 402 232 62 889 719 0 379 209 39 866 696 526 356 186 16 843 673 503 333 163 990 820
488 355 222 89 0 820 687 554 421 288 155 22 886 753 620 487 354 221 88 952 1119 686 553 420 287 154 21 885 752 619 486 353 220 0 951 818 685 552 419 286 153 20 884 751 618 485 352 219 86 950 817 684 551 418 285 152 19 883 750 617 484 351 0 785 949 816 683 550 417 284 151 18 882 749 616 483 350 217 84 948
684 588 492 396 300 204 108 12 913 817 721 625 529 433 337 241 145 49 950 854 758 962 0 470 374 278 182 86 987 891 795 699 603 507 411 315 219 123 27 928 832 736 640 544 448 352 256 160 64 965 869 0 677 581 485 389 293 197 101 5 906 810 714 618 522 426 330 234 138 42 1643 847 751 655 559 463 367 271 175 79
880 821 762 703 644 585 526 467 408 349 290 231 172 113 54 992 933 874 815 756 697 638 879 520 0 402 343 284 225 166 107 48 986 927 868 809 750 691 632 573 514 455 396 337 278 219 160 101 42 980 921 862 803 0 685 626 567 508 449 390 331 272 213 154 95 36 974 915 856 797 738 679 620 561 502 443 384 1025 266 207
79 57 35 13 1688 966 944 922 900 878 856 834 812 790 768 746 724 702 680 658 636 614 592 870 548 526 504 0 460 438 416 394 372 350 328 306 284 262 240 218 196 174 152 130 108 86 64 42 20 995 973 951 929 907 885 863 0 819 797 775 753 731 709 687 665 643 621 599 577 555 533 511 489 467 445 423 401 379 357 335
275 290 305 0 335 350 365 380 395 410 425 1140 455 470 485 500 515 530 545 560 575 590 605 620 935 650 665 680 695 710 725 740 0 770 785 800 815 830 845 860 875 890 905 920 935 950 965 980 995 13 28 43 58 73 88 103 118 133 148 163 178 0 208 223 238 253 268 283 298 313 328 343 358 373 388 403 418 433 448 463
471 523 575 627 679 731 783 835 887 939 991 46 98 0 202 254 306 358 1110 462 514 566 618 670 722 1074 826 878 930 982 37 89 141 193 245 297 349 401 453 505 557 609 0 713 765 817 869 921 973 28 80 132 184 236 288 340 392 444 496 548 600 652 704 756 808 860 912 964 19 71 123 0 227 279 331 383 435 487 539 591
667 756 845 934 26 115 204 293 382 471 560 649 738 827 0 8 97 186 275 364 453 542 631 720 809 1598 1287 79 168 257 346 435 524 613 702 791 880 969 61 150 239 328 417 0 595 684 773 862 951 43 132 221 310 399 488 577 666 755 844 933 25 114 203 292 381 470 559 648 737 826 915 7 0 185 274 363 452 541 630 719
863 989 118 244 370 496 622 748 874 3 129 255 381 507 633 759 885 14 140 266 392 518 644 770 896 25 151 577 403 529 655 781 1607 36 162 288 414 540 666 792 918 47 173 299 425 551 677 803 929 58 184 310 436 562 688 814 940 69 195 321 447 573 699 825 951 80 206 332 458 584 710 836 962 91 217 343 469 595 721 847
62 225 388 551 714 877 43 206 369 532 0 858 24 187 350 513 676 839 5 168 331 494 657 820 983 149 312 475 938 801 964 130 293 456 619 782 945 111 274 0 600 763 926 92 255 418 581 744 907 73 236 399 562 725 888 54 217 380 543 706 869 35 198 361 524 687 850 16 0 342 505 668 831 994 160 323 486 649 812 975
258 458 658 858 61 261 461 661 861 64 264 0 664 864 67 267 467 667 867 70 270 470 670 870 73 273 473 673 873 376 276 476 676 876 79 279 479 679 879 82 0 482 682 882 85 285 1185 685 885 88 288 488 688 888 91 291 491 691 891 94 294 494 694 894 97 297 497 697 897 0 300 500 700 900 103 303 503 703 903 106
454 691 928 168 405 642 879 119 356 593 830 70 307 544 781 21 258 495 732 969 209 0 683 920 160 397 634 871 111 348 885 822 62 299 536 773 13 250 487 724 961 201 438 675 912 152 389 626 863 103 0 577 814 754 291 528 765 5 242 479 716 953 193 430 667 904 144 381 618 855 95 332 569 806 46 283 520 757 994 0
650 924 201 475 749 26 300 574 848 125 399 673 947 224 498 772 49 323 597 871 148 422 696 970 247 521 0 72 346 620 894 471 445 719 993 270 544 818 95 369 643 917 194 468 742 19 293 567 841 118 392 666 940 217 491 0 42 316 590 864 841 415 689 963 240 514 788 65 339 613 887 164 438 712 986 263 537 811 88 362
0 160 471 782 96 407 718 32 343 654 965 279 590 901 215 526 837 151 462 773 87 398 709 23 334 645 956 270 581 0 206 517 1128 142 453 764 78 389 700 14 325 636 947 261 572 883 197 508 819 133 444 755 69 380 691 5 316 627 0 252 563 874 188 499 810 124 435 1446 60 371 682 993 307 618 929 243 554 865 179 490
45 393 0 92 440 788 139 487 835 186 534 882 233 581 929 280 628 976 327 675 26 374 722 73 421 769 120 468 816 167 515 0 214 862 910 261 609 957 308 656 7 355 703 54 402 750 101 449 797 148 496 844 195 543 891 242 590 938 289 637 0 336 684 35 383 731 82 430 778 129 477 825 176 524 1572 223 571 919 270 618
241 1326 14 399 784 172 557 942 330 715 103 488 873 261 646 34 419 804 192 577 0 350 735 123 508 893 281 666 54 439 824 212 597 982 670 755 143 528 913 301 686 74 459 844 232 617 5 390 775 0 548 933 321 706 94 479 864 252 637 25 410 795 183 568 953 341 726 114 499 884 272 657 45 430 815 203 588 973 0 746
437 859 284 706 131 553 975 400 1522 247 669 94 516 938 363 785 210 632 57 0 901 326 748 173 595 20 442 864 289 711 136 558 980 405 827 552 674 99 521 943 368 790 215 637 62 484 906 331 0 178 600 25 447 869 294 716 141 563 985 410 832 257 679 104 526 948 373 795 220 642 67 489 911 336 758 183 605 0 452 874
633 95 554 16 475 934 396 855 317 776 238 697 159 618 80 0 1 460 919 381 840 302 761 223 682 144 603 65 524 983 445 904 366 825 287 746 508 667 129 588 50 509 968 430 0 351 810 272 731 193 652 114 573 35 494 953 415 874 336 795 257 716 178 637 99 558 20 479 938 400 859 321 780 0 701 163 622 84 543 5
829 328 824 323 819 318 0 313 809 308 804 303 799 298 794 293 789 288 784 283 779 278 1474 273 769 268 764 263 759 258 754 253 749 248 744 0 739 538 734 233 729 228 724 223 719 218 714 213 709 208 704 203 699 198 694 193 689 188 684 183 679 178 674 173 0 168 664 163 659 158 654 153 649 148 644 143 639 138 634 133
28 561 97 630 166 699 235 768 304 837 373 906 442 975 511 47 580 116 649 185 718 254 787 323 856 0 925 461 994 1230 66 599 135 668 204 737 273 806 642 875 411 944 480 16 549 85 618 154 687 223 756 292 825 361 0 430 963 499 35 568 104 637 173 706 242 775 311 844 380 913 449 982 518 54 587 123 656 192 725 261
224 794 367 937 510 83 653 0 796 369 939 512 85 655 228 798 371 941 514 87 657 230 800 373 943 516 89 659 232 802 375 945 518 91 661 234 0 377 947 820 93 663 236 806 379 949 522 95 665 238 808 381 951 524 97 667 240 810 383 953 526 99 669 242 812 0 955 528 101 671 244 814 387 957 530 103 673 246 816 389
420 30 637 247 854 464 74 681 291 898 508 118 725 335 942 552 162 769 379 986 596 206 813 0 33 640 250 857 467 77 684 294 901 511 121 728 338 945 555 165 1072 382 989 1299 209 816 426 36 643 253 860 470 0 687 297 904 514 124 731 341 948 558 168 775 385 992 602 212 819 429 39 646 256 863 473 83 690 300 907 517
616 263 907 554 201 845 492 139 783 430 77 721 368 15 659 306 0 597 244 888 535 182 826 473 120 764 411 58 702 349 993 640 287 931 578 225 869 516 163 807 454 401 745 392 39 0 330 974 621 268 1612 559 206 850 497 144 788 435 82 726 373 20 664 311 955 602 249 893 540 187 831 478 125 769 0 63 707 354 1 645
812 496 180 861 545 229 910 594 0 959 643 327 11 692 376 60 741 425 109 790 474 158 839 523 207 888 572 256 937 621 305 986 670 354 38 719 403 0 768 452 136 817 801 185 866 550 234 915 599 283 964 648 332 16 697 381 65 1446 430 114 795 479 163 844 528 212 0 577 261 942 626 310 991 675 359 43 724 408 92 773
11 0 450 171 889 610 331 52 770 491 212 930 651 372 93 811 532 253 971 692 413 134 852 573 294 15 733 454 175 893 0 335 56 774 495 216 934 655 376 97 815 536 257 1275 696 417 138 856 577 298 19 737 458 179 897 618 339 60 778 0 220 938 659 380 801 819 540 261 979 700 421 142 860 581 302 23 741 462 183 901
207 962 720 478 236 991 749 507 265 23 778 536 294 52 807 565 323 0 836 594 352 110 865 623 381 139 894 652 410 168 923 681 439 197 952 710 468 226 981 739 497 255 13 768 826 284 0 797 555 313 71 826 584 342 100 855 613 371 129 884 642 400 158 913 671 429 187 942 700 458 216 1671 729 487 245 0 758 516 274 32
403 198 990 785 580 375 170 962 757 552 347 142 934 729 524 319 114 906 701 496 291 86 878 673 468 263 58 850 0 440 235 30 822 617 412 207 2 794 589 384 179 971 766 561 356 451 943 738 533 328 123 915 710 505 300 95 887 0 477 272 67 859 654 449 244 39 831 626 421 216 11 803 598 393 188 980 775 570 1065 160
599 431 263 95 924 1456 588 420 252 84 913 745 577 409 241 73 902 734 0 398 230 62 891 723 555 387 219 51 880 712 544 376 208 40 869 701 533 365 197 29 858 690 522 354 186 18 1147 0 511 343 175 7 836 668 500 332 164 993 825 657 489 321 153 982 814 646 478 310 142 971 803 635 467 299 131 960 0 624 456 288
795 664 533 402 271 140 9 875 744 0 482 351 920 89 955 824 693 562 431 300 169 38 904 773 642 511 380 249 118 984 853 722 591 460 329 198 67 933 0 671 540 409 278 147 16 882 751 920 489 358 227 96 962 831 700 569 438 307 176 45 911 780 649 518 387 256 125 0 860 729 598 467 336 205 74 940 809 678 547 416
991 897 803 709 615 0 427 333 239 145 51 954 860 766 672 578 484 390 296 902 108 14 917 823 729 635 541 447 353 259 165 71 974 880 0 692 598 504 410 316 222 128 34 937 843 749 655 561 767 373 279 185 91 994 900 806 712 618 524 430 336 242 148 0 957 863 769 675 581 487 393 299 205 111 17 920 826 732 638 544
190 133 76 19 0 902 845 788 731 674 617 560 503 446 389 332 275 218 161 104 47 987 930 873 816 759 1402 645 588 531 474 417 360 0 246 189 132 75 18 958 901 844 787 730 673 616 559 502 445 688 331 274 217 160 103 46 986 929 872 815 758 701 0 587 530 473 416 359 302 245 188 131 74 17 957 900 843 786 729 672
386 366 346 326 306 286 266 246 226 206 186 166 146 126 106 86 66 46 26 6 983 963 0 923 903 883 863 843 823 803 783 763 743 1423 703 683 663 643 623 603 583 563 543 523 503 483 463 443 423 403 683 0 343 323 303 283 263 243 223 203 183 163 143 123 103 83 63 43 23 3 980 960 940 920 900 880 860 840 820 800
582 599 616 633 650 667 684 701 718 735 752 769 786 803 820 837 854 871 888 905 922 939 956 973 0 10 27 44 61 78 95 112 129 146 163 180 197 214 231 248 965 282 299 316 333 350 367 384 401 418 435 752 469 0 503 520 537 554 571 588 605 622 639 656 673 690 707 724 741 758 775 792 809 826 843 860 877 894 911 928
778 832 886 940 994 51 105 159 213 267 321 375 429 483 537 591 645 699 753 807 861 915 969 26 80 134 188 0 296 350 404 458 512 566 620 674 728 782 836 890 944 1 55 109 163 217 271 1025 379 433 487 541 895 649 703 757 0 865 919 973 30 84 138 192 246 300 354 408 462 516 570 624 678 732 786 840 894 948 5 59
974 68 159 0 341 432 523 614 705 796 887 978 72 163 254 345 436 527 618 709 800 891 982 76 167 258 349 440 531 622 713 804 0 986 80 171 262 353 444 535 626 717 808 899 990 84 175 266 357 448 539 630 721 1112 1603 994 88 179 270 361 452 0 634 725 816 907 1 92 183 274 365 456 547 638 729 820 911 5 96 187
173 301 429 557 685 813 941 72 200 328 456 584 712 0 968 99 227 355 483 611 739 867 995 126 254 382 510 638 766 894 25 153 281 409 537 665 793 921 52 180 308 436 0 692 820 948 79 207 335 463 591 719 847 975 406 234 362 490 618 746 874 705 133 261 389 517 645 773 901 32 160 0 416 544 672 800 928 59 187 315
369 534 699 864 32 197 362 527 692 857 25 190 355 520 0 850 18 183 348 513 678 843 11 176 341 506 671 836 4 169 334 499 664 829 994 162 327 492 657 822 987 155 320 0 650 815 980 148 313 478 643 808 973 141 306 771 636 801 966 134 299 464 629 794 959 127 292 457 1322 787 952 120 0 450 615 780 945 113 278 443
565 767 969 174 376 578 780 982 187 389 591 793 995 200 402 604 806 11 213 415 617 819 24 226 428 630 832 37 239 441 643 845 50 252 454 656 858 63 265 467 669 871 76 278 480 682 884 89 291 493 695 897 102 304 506 708 1210 115 317 519 721 923 128 330 532 734 936 141 343 545 747 949 154 356 558 1460 962 167 369 571
761 3 942 481 720 959 201 440 679 918 0 399 638 877 119 358 597 836 78 317 556 795 37 276 515 754 993 235 474 713 952 194 433 672 911 153 392 631 870 0 351 590 829 71 310 549 788 30 269 508 747 986 228 467 706 945 187 726 665 904 146 385 624 863 105 344 583 822 0 303 542 781 23 262 501 740 979 221 460 699
957 236 512 788 67 343 619 895 174 1150 726 0 281 557 833 112 388 664 940 219 495 771 50 326 602 878 157 433 709 985 264 540 816 95 371 647 923 202 478 754 0 309 585 861 140 416 692 968 247 523 799 78 354 630 906 185 461 737 316 292 568 844 123 399 675 951 230 506 782 0 337 613 889 168 444 720 996 275 551 827
156 469 782 98 411 724 40 353 666 979 295 608 921 237 550 863 879 492 805 121 434 0 63 376 689 5 318 631 944 260 573 886 202 515 828 144 457 770 86 399 712 28 341 654 967 283 596 909 225 538 0 167 480 793 109 422 735 51 364 977 990 306 619 932 248 561 874 190 503 816 132 445 758 74 387 700 16 329 642 0
352 702 55 405 755 108 458 808 161 511 861 214 564 914 267 617 967 320 670 23 373 723 76 1126 776 129 0 829 182 532 882 235 585 935 288 638 988 341 691 44 394 744 97 447 797 150 500 850 203 553 903 256 606 956 309 0 12 362 712 65 715 765 118 468 818 171 521 871 224 574 924 277 627 977 330 680 33 383 733 86
0 935 325 712 102 489 876 266 653 43 430 817 207 594 981 371 758 148 535 922 312 699 89 476 863 253 640 30 417 0 894 581 968 358 745 135 522 909 299 686 76 463 850 240 627 17 404 791 181 568 955 345 732 122 509 896 286 673 0 450 837 527 614 4 391 778 168 555 942 332 719 109 496 883 273 660 50 437 824 214
744 171 0 22 446 870 297 721 148 572 996 423 847 274 698 125 549 973 400 824 251 675 102 526 950 377 801 228 652 79 503 0 354 778 205 629 56 1180 904 331 755 182 606 33 457 881 308 732 159 583 10 434 858 285 709 136 560 984 411 835 0 686 413 537 961 388 812 239 663 90 514 938 365 789 216 640 67 491 915 342
940 404 865 329 790 254 715 179 640 104 565 29 490 951 415 876 340 801 265 726 0 651 115 576 40 501 962 426 887 351 812 276 737 201 662 126 587 51 512 973 437 898 362 823 987 748 212 673 137 0 62 523 984 448 909 373 834 298 759 223 684 148 609 373 534 995 459 920 384 845 309 770 234 695 159 620 84 545 0 470
139 637 138 636 137 635 136 634 135 633 134 632 133 631 132 630 131 629 130 0 129 627 128 626 127 625 126 624 125 623 124 622 123 621 122 620 121 619 120 618 119 617 118 616 117 615 116 614 0 613 114 1312 113 611 112 610 111 609 110 608 109 607 108 606 407 605 106 604 105 603 104 602 103 601 102 600 101 0 100 598
335 870 408 943 481 19 554 92 627 165 700 238 773 311 846 0 919 457 992 530 68 603 141 676 214 749 287 822 360 895 433 968 506 44 579 117 652 190 725 263 798 336 871 409 0 482 20 555 93 628 166 701 239 774 312 847 385 920 1158 993 531 69 604 142 677 515 750 288 823 361 896 434 969 0 45 580 118 653 191 726
531 106 678 253 825 400 0 547 122 694 269 841 416 988 563 138 710 285 857 432 7 579 154 726 301 873 448 23 595 170 742 317 889 464 39 0 186 758 333 905 480 55 627 202 774 349 921 496 71 643 218 790 365 937 512 87 659 234 806 381 953 528 103 675 0 1522 697 969 544 119 691 266 838 413 985 560 135 707 282 854
727 339 948 560 172 781 393 5 614 226 835 447 59 668 280 889 501 113 722 334 943 555 167 776 388 0 609 221 830 442 54 663 275 884 496 108 717 329 938 550 162 771 383 992 604 216 825 437 49 658 270 879 491 103 0 324 933 545 157 766 378 987 599 211 820 432 44 953 265 874 486 98 1407 319 928 540 152 761 373 982
923 572 221 867 516 165 811 0 109 755 404 53 699 348 994 643 292 938 587 236 882 531 180 826 475 124 770 419 68 714 363 12 658 307 953 602 0 897 546 195 841 490 139 785 434 83 729 378 27 673 322 968 617 266 912 561 210 856 505 154 800 449 98 744 393 0 688 337 1283 632 281 927 576 225 871 520 169 815 464 813
122 805 491 177 860 546 932 915 601 287 970 656 342 28 711 397 83 766 452 138 821 507 193 0 562 248 931 617 303 986 672 358 44 727 413 99 782 468 154 837 523 209 892 578 264 947 633 319 5 688 374 60 0 429 115 798 484 170 853 539 225 908 594 280 963 649 335 21 704 690 76 759 445 131 814 500 186 869 555 241
318 41 761 484 207 927 650 373 96 816 539 262 982 1405 428 151 0 594 317 40 760 483 206 926 649 372 95 815 538 261 981 704 427 150 870 593 316 39 759 482 205 925 648 371 94 0 537 260 980 703 426 149 869 592 315 38 758 481 204 924 647 370 93 813 536 259 979 702 425 148 1168 591 314 37 0 480 203 923 646 369
514 274 34 791 551 311 71 828 0 348 108 865 625 385 145 902 662 422 182 939 1399 459 219 976 736 496 256 16 773 533 293 53 810 570 330 90 847 0 367 127 884 644 404 164 921 681 441 201 958 718 478 238 995 755 515 275 35 792 552 312 72 829 589 349 109 866 0 386 146 903 663 723 183 940 700 460 220 977 737 497
710 0 304 101 895 692 489 286 83 877 674 471 268 65 859 656 453 250 47 841 638 435 232 29 823 620 417 914 11 805 0 399 196 990 787 584 381 178 972 769 566 363 160 954 751 548 345 142 936 733 530 327 124 918 715 512 309 106 900 0 494 291 88 882 679 476 273 70 864 661 458 255 352 846 643 440 237 34 828 625
906 740 574 408 242 76 907 741 575 409 243 77 908 742 576 410 244 0 909 743 577 411 245 79 910 744 578 412 246 80 911 745 579 413 947 81 912 746 580 414 248 82 913 747 581 415 0 83 914 748 582 416 250 84 915 749 583 417 251 85 916 750 584 418 252 86 917 751 585 419 253 87 918 1052 586 0 254 88 919 753
105 973 844 715 586 457 328 199 70 938 809 680 551 422 293 164 35 903 774 645 516 387 258 129 997 868 739 610 0 352 223 94 962 833 704 575 446 317 188 59 927 1498 669 540 411 282 153 24 892 763 634 505 376 247 118 986 857 0 599 470 341 212 83 951 822 693 564 435 306 177 48 916 787 658 829 400 271 142 13 881
301 209 117 25 930 838 746 654 562 470 378 286 194 102 10 915 823 731 0 547 455 363 271 179 87 992 900 808 716 624 532 440 348 256 164 72 977 885 793 701 609 517 425 333 241 149 57 0 1570 778 686 594 502 410 318 226 134 42 947 855 763 671 579 487 395 303 211 119 27 932 840 748 656 564 472 680 0 196 104 12
497 442 387 332 277 222 167 112 57 0 944 889 834 779 724 669 614 559 504 449 394 339 284 229 174 119 64 9 951 896 841 786 731 676 621 566 511 456 0 346 291 236 181 126 71 16 958 903 848 793 738 683 628 573 518 1163 408 353 298 243 188 133 78 23 965 910 855 0 745 690 635 580 525 470 415 360 605 250 195 140
693 675 657 639 621 0 585 567 549 531 513 495 477 459 441 423 405 387 369 351 333 315 297 279 261 243 225 207 189 171 153 135 117 99 0 63 45 27 9 988 970 952 934 916 898 880 862 844 826 808 790 772 754 736 718 700 682 664 646 628 610 592 1274 0 538 520 502 484 466 448 430 412 394 376 358 340 322 604 286 268
889 908 927 946 0 984 6 25 44 63 82 101 120 139 158 177 196 215 234 253 272 291 310 329 348 367 386 405 424 443 462 481 500 0 538 557 576 595 614 633 652 671 690 709 728 747 766 785 804 823 842 861 880 899 918 937 956 975 994 16 35 54 0 92 111 130 149 168 187 906 225 244 263 282 301 320 339 358 677 396
88 144 200 256 312 368 424 480 536 592 648 704 760 816 872 928 984 43 99 155 211 267 0 379 435 491 547 603 659 715 771 827 883 939 995 54 110 166 222 278 334 390 446 502 558 614 670 726 782 838 894 0 9 65 121 177 233 289 345 401 457 513 569 625 681 737 793 849 905 961 20 76 132 188 244 300 1056 412 468 824
584 377 470 1263 656 749 842 935 31 124 217 310 403 496 589 682 775 868 961 57 150 243 336 429 0 615 708 801 894 987 83 176 269 362 455 548 641 734 827 920 16 109 202 295 388 481 574 667 760 853 946 42 135 0 321 414 507 600 693 786 879 972 68 161 254 347 440 533 626 719 812 905 1 94 187 280 373 466 559 652
480 910 740 870 3 133 263 393 523 653 1483 913 46 176 306 436 566 696 826 956 89 219 349 479 609 739 869 0 132 262 392 522 652 782 912 45 175 305 435 565 695 825 955 88 218 348 478 608 738 868 1 131 261 391 521 651 0 911 44 174 304 434 564 694 824 954 87 217 347 477 607 737 867 997 130 260 390 520 650 780
676 843 313 0 347 514 681 848 18 185 352 519 686 853 23 190 357 1224 691 858 28 195 362 529 696 863 33 200 367 534 701 868 0 205 372 539 706 873 43 210 377 544 711 878 48 215 382 549 716 883 53 220 387 554 721 888 58 225 392 559 726 0 63 230 397 564 731 898 68 235 402 569 736 903 73 240 407 574 741 908
872 79 283 787 691 895 102 306 510 714 918 125 329 0 737 941 148 352 556 760 964 171 375 579 1483 987 194 398 602 806 13 217 421 625 829 36 240 444 648 852 59 263 0 671 875 82 286 490 694 898 105 309 513 717 921 128 332 536 740 944 151 355 559 763 967 174 378 582 786 990 197 0 605 809 16 220 424 628 832 39
71 312 553 794 338 279 520 761 5 246 487 728 969 213 0 695 936 180 421 662 903 147 388 629 870 114 355 596 837 81 322 1263 804 48 289 530 771 15 256 497 738 979 223 0 705 946 190 431 672 913 157 398 639 880 124 365 606 847 91 332 573 814 58 299 540 781 25 266 507 748 989 233 0 715 956 200 441 682 923 167
267 545 823 104 382 960 938 219 497 775 56 334 612 890 171 449 727 8 286 564 842 123 401 679 957 238 516 794 75 353 631 909 190 468 746 27 305 583 1561 142 420 698 976 257 535 813 94 372 650 928 209 487 765 46 324 602 880 161 439 717 995 276 554 832 113 391 669 947 228 506 784 65 343 621 899 180 458 736 17 295
463 778 96 411 726 44 659 674 989 307 0 937 255 570 885 203 518 833 151 466 781 99 414 729 47 362 677 992 310 625 940 258 573 888 206 521 836 154 469 0 102 417 732 50 365 1380 995 313 628 943 261 576 891 209 524 839 157 472 787 105 420 735 53 368 683 1 316 631 0 264 579 894 212 527 842 160 475 790 108 423
659 14 366 718 73 425 777 432 484 836 191 0 895 250 602 954 309 661 16 368 720 75 427 779 134 486 838 193 545 897 252 604 956 311 663 18 370 722 77 429 0 136 488 840 195 547 899 254 606 958 313 665 720 372 724 79 431 783 138 490 842 197 549 901 256 608 960 315 667 0 374 726 81 433 785 140 492 844 199 551
855 247 636 28 417 806 198 587 1276 368 757 149 538 927 319 708 100 489 878 270 659 0 440 829 221 610 2 391 780 172 561 950 342 731 123 512 901 293 682 74 463 852 244 633 25 414 803 195 584 973 0 754 146 535 924 316 705 97 486 1575 267 656 48 437 826 218 607 996 388 777 169 558 947 339 728 120 509 898 290 0
54 480 906 335 761 190 616 45 471 1197 326 752 181 607 36 462 888 317 743 172 598 27 453 879 308 734 0 589 18 444 870 299 725 154 580 9 435 861 290 716 145 571 997 426 852 281 707 136 562 988 417 843 272 698 127 0 979 408 834 263 689 118 544 970 399 825 954 680 109 535 961 390 816 245 671 100 526 952 381 807
0 713 179 642 108 571 37 500 963 429 1192 358 821 287 750 216 679 145 608 74 537 3 466 929 395 858 324 787 253 0 182 645 111 574 40 503 966 432 895 361 824 290 753 219 682 148 611 77 540 6 469 932 398 861 327 790 256 719 0 648 114 577 43 506 969 435 898 364 827 293 756 222 685 851 614 80 543 9 472 935
1146 946 0 949 452 952 455 955 458 958 461 1261 464 964 467 967 470 970 473 973 476 976 479 979 482 982 485 985 488 988 491 0 494 994 497 997 500 3 503 6 506 9 509 12 512 15 515 18 518 21 521 24 524 27 527 30 530 33 533 36 0 39 539 42 542 45 545 48 548 51 551 54 554 57 557 60 560 63 563 66
642 182 719 259 796 336 873 1113 950 490 30 567 407 644 184 721 261 798 338 875 0 952 492 32 569 109 646 186 723 263 800 340 877 417 954 494 34 571 111 648 188 725 265 802 342 879 419 956 496 0 573 113 650 190 727 267 804 344 881 421 958 498 38 575 115 652 192 729 269 806 346 883 423 960 500 40 577 117 0 194
838 415 989 566 143 717 294 868 445 22 596 173 747 624 1598 475 52 626 203 0 354 928 505 82 656 233 807 384 958 535 112 686 263 837 414 988 565 142 716 293 867 444 21 595 172 746 323 897 0 51 625 202 776 353 927 504 81 655 232 806 383 957 534 111 685 262 836 413 987 564 141 715 292 866 443 20 594 0 745 322
37 648 262 873 487 101 712 326 937 551 165 776 390 4 915 0 840 454 68 679 293 1604 518 132 743 357 968 582 196 807 421 35 646 260 871 485 99 710 324 935 549 163 774 388 0 613 227 838 452 66 677 291 902 516 130 741 355 966 580 194 805 419 33 644 258 869 483 97 708 322 933 547 161 0 386 997 611 225 836 450
233 881 532 183 831 482 0 781 432 83 731 382 33 681 332 1280 631 282 930 581 232 880 531 182 830 481 132 780 1131 82 730 381 32 680 331 0 630 281 929 580 231 879 530 181 829 480 131 779 430 81 729 380 31 679 330 978 629 280 928 579 230 878 529 180 0 479 130 778 429 80 728 379 30 678 329 977 628 279 927 578
429 117 802 490 178 863 551 239 924 612 300 985 673 361 49 734 722 110 795 483 171 856 544 232 917 0 293 978 666 354 42 727 415 103 788 1176 164 849 537 225 910 598 286 971 659 347 35 720 408 96 781 469 157 842 0 218 903 591 279 964 652 340 28 713 401 89 774 462 150 835 523 211 896 584 272 957 645 333 21 706
625 350 75 797 522 247 969 0 419 144 866 591 316 41 763 488 213 1235 660 385 110 832 557 282 7 729 454 179 901 626 351 76 798 523 248 970 0 420 145 867 592 317 742 764 489 214 936 661 386 111 833 558 283 8 730 455 180 902 627 352 77 799 524 249 971 0 421 146 868 593 318 43 765 490 215 937 662 387 112 834
821 583 345 107 866 628 390 152 911 673 435 197 956 718 480 242 4 763 825 287 49 808 570 0 94 853 615 377 139 898 660 422 184 943 705 467 229 988 750 512 274 36 795 557 319 81 840 602 364 826 885 647 0 171 930 692 454 216 975 737 499 261 23 782 544 306 68 827 589 351 113 872 634 396 158 917 679 441 203 962
20 816 615 414 213 12 808 607 406 205 4 800 599 398 197 993 0 591 390 489 985 784 583 382 181 977 776 575 374 173 969 768 567 366 165 961 760 559 358 157 953 752 551 350 149 0 744 543 342 141 937 736 535 334 133 929 1428 527 326 125 921 720 519 318 117 913 712 511 310 109 905 704 503 302 0 897 696 495 294 93
216 52 885 721 557 393 229 65 0 734 570 406 242 78 911 747 583 419 255 91 1224 760 596 432 268 104 937 773 609 445 281 117 950 786 622 458 294 0 963 799 635 471 307 143 976 812 648 484 320 156 989 825 661 497 333 169 5 838 674 510 346 182 18 1551 687 523 0 195 31 864 700 536 372 208 44 877 713 549 385 221
412 0 158 31 901 774 647 520 393 266 139 12 882 755 628 501 374 247 120 990 863 1036 609 482 355 228 101 971 844 717 0 463 336 209 82 952 825 698 571 444 317 190 63 933 806 679 552 425 298 171 44 914 787 660 533 406 279 152 25 0 768 641 514 387 260 133 6 876 749 622 1195 368 241 114 984 857 730 603 476 349
608 518 428 338 248 158 68 975 885 795 705 615 525 435 345 255 165 0 982 892 802 712 922 532 442 352 262 172 82 989 899 809 719 629 539 449 359 269 179 89 996 906 816 726 636 546 0 366 276 186 96 6 913 823 733 643 553 463 373 283 193 103 13 920 830 740 650 560 470 380 290 200 110 20 927 0 747 1357 567 477
804 751 698 645 1292 539 486 433 380 327 274 221 168 115 62 9 953 900 847 794 741 688 635 882 529 476 423 370 0 264 211 158 105 52 996 943 890 837 784 731 678 625 572 519 466 413 360 307 254 201 148 95 42 986 933 880 827 0 721 668 615 562 509 456 403 350 297 244 191 138 85 32 976 923 870 817 764 711 658 605
3 984 968 952 936 920 904 888 872 856 840 1524 808 792 776 760 744 728 0 696 680 664 648 632 916 600 584 568 552 536 520 504 488 472 456 440 424 408 392 376 360 344 328 312 296 280 264 0 232 216 200 184 168 152 136 120 104 88 72 56 40 24 8 989 973 957 941 925 909 893 877 861 845 829 813 797 0 765 749 733
199 220 241 262 283 304 325 346 367 0 409 430 451 472 493 514 535 556 1277 598 619 640 661 682 703 1024 745 766 787 808 829 850 871 892 913 934 955 976 0 21 42 63 84 105 126 147 168 189 210 231 252 273 294 315 336 357 378 399 420 441 462 483 504 525 546 567 588 0 630 651 672 693 714 735 756 777 798 819 840 861
395 453 511 569 627 0 743 801 859 917 975 36 94 152 210 268 326 384 442 500 558 616 674 732 790 1548 1206 964 25 83 141 199 257 315 0 431 489 547 605 663 721 779 837 895 953 14 72 130 188 246 304 362 420 478 536 594 652 710 768 826 884 942 3 0 119 177 235 293 351 409 467 525 583 641 699 757 815 873 931 989
591 686 781 876 0 69 164 259 354 449 544 639 734 829 924 22 117 212 307 402 497 592 687 782 877 972 70 465 260 355 450 545 1340 0 830 925 23 118 213 308 403 498 593 688 783 878 973 71 166 261 356 451 546 641 736 831 926 24 119 214 309 404 0 594 689 784 879 974 72 167 262 357 452 547 642 737 832 927 25 120
787 919 54 186 318 450 582 714 846 978 113 245 377 509 641 773 905 40 172 304 436 568 0 832 964 99 231 363 795 627 759 891 26 158 290 422 554 686 818 1650 85 217 349 481 613 745 877 12 144 276 408 0 672 804 936 71 203 335 467 599 731 863 995 130 262 394 526 658 790 922 57 189 321 453 585 717 849 981 116 248
983 155 324 493 662 831 3 172 341 510 679 848 20 189 358 527 696 865 37 206 375 544 713 882 0 223 392 561 730 1199 71 240 409 578 747 916 88 257 426 595 764 933 105 274 443 612 1481 950 122 291 460 629 798 0 139 308 477 646 815 984 156 325 494 663 832 4 173 342 511 680 849 21 190 359 528 697 866 38 207 376
182 388 594 800 9 215 421 627 833 42 248 454 660 866 75 281 487 693 899 108 314 520 726 932 141 347 553 0 965 174 680 586 792 1 207 413 619 825 34 240 446 652 858 67 273 479 685 891 100 306 512 718 924 833 339 545 0 957 166 372 578 784 990 199 405 611 817 26 232 438 644 850 59 265 471 677 883 92 298 504
378 621 864 0 353 596 839 85 328 571 814 60 303 546 789 35 278 521 764 10 253 496 739 982 228 471 714 957 203 446 689 1232 0 421 664 907 153 396 639 882 128 371 614 857 103 346 589 832 78 321 564 807 53 296 539 782 28 271 514 757 703 0 489 732 975 221 464 707 950 196 439 682 925 171 414 657 900 146 389 632
574 854 137 417 697 977 260 540 820 103 383 663 943 0 506 786 69 349 629 909 192 472 752 35 315 595 875 158 438 718 1 281 861 841 124 404 684 964 247 527 807 90 0 650 930 213 493 773 56 336 616 896 179 459 739 22 302 582 862 145 425 705 985 268 548 828 111 1091 671 951 234 0 794 77 357 637 917 200 480 760
770 90 407 724 44 361 678 995 315 632 949 269 586 903 0 540 857 177 494 811 131 448 765 85 402 719 39 356 673 990 310 627 944 564 581 898 218 535 852 172 489 806 126 0 760 80 397 714 34 351 668 985 305 622 939 259 576 893 213 530 847 167 484 801 121 438 755 75 392 709 29 346 0 980 1000 617 934 254 571 888
966 1023 677 34 388 742 99 453 807 164 518 872 229 583 937 294 648 5 359 713 70 424 778 135 489 843 200 554 908 265 619 973 330 684 341 395 749 106 460 814 171 525 879 236 590 944 301 655 12 366 720 77 431 785 142 496 850 207 561 915 272 626 980 337 691 48 402 756 113 467 821 178 532 886 243 597 951 308 662 19
165 556 947 341 732 126 517 908 1002 693 0 478 869 263 654 48 439 830 224 615 9 400 791 185 576 967 361 752 146 537 928 322 713 107 498 1189 283 674 68 0 850 244 635 29 420 811 205 596 987 381 772 166 557 948 342 733 127 518 909 303 694 88 479 870 264 655 49 440 0 225 616 10 401 792 186 577 968 362 753 147
361 789 220 648 79 507 935 366 794 225 653 0 512 940 371 1499 230 658 89 517 945 376 804 235 663 94 522 950 381 809 240 668 99 527 955 386 1114 245 673 104 0 960 391 819 250 678 109 537 965 396 824 255 683 114 542 970 401 829 260 688 119 547 975 406 834 265 693 124 552 0 411 839 270 698 129 557 985 416 844 275
557 25 490 955 423 888 356 821 289 754 222 687 155 620 88 553 21 486 951 419 884 0 1517 285 750 218 683 151 616 84 549 17 482 947 415 880 348 1113 281 746 214 679 147 612 80 545 13 478 943 411 0 344 809 277 742 210 675 143 608 76 541 9 474 939 407 872 340 805 273 738 206 671 139 604 72 537 5 470 935 0
753 258 760 265 767 272 774 279 781 286 788 293 795 300 802 307 809 314 816 321 823 328 830 335 837 342 0 349 851 1056 858 363 865 370 872 377 879 384 1186 391 893 398 900 405 907 412 914 419 921 426 928 433 935 440 942 0 949 454 956 461 963 468 970 475 977 482 984 489 991 496 1 503 8 510 15 517 22 524 29 531
0 491 33 572 114 653 195 734 276 815 357 896 438 977 519 61 600 142 681 223 762 304 843 385 924 466 8 547 89 0 170 709 251 790 332 871 1113 952 494 336 575 117 656 198 737 279 818 360 899 441 980 522 64 603 145 684 226 765 0 846 388 927 469 11 550 92 631 173 712 254 793 335 874 416 955 497 39 578 120 659
148 724 0 879 458 37 613 192 768 347 923 502 81 657 236 812 391 967 546 125 701 280 856 435 14 590 169 745 324 900 479 0 634 213 789 368 944 523 102 678 557 833 412 1688 567 146 722 301 877 456 35 611 190 766 345 921 500 79 655 234 0 389 965 544 123 699 278 854 433 12 588 167 743 322 898 477 56 632 211 787
344 957 573 189 802 418 34 647 263 876 492 108 721 337 950 566 182 795 411 27 0 256 869 485 101 714 330 943 559 175 788 404 20 633 249 862 478 94 707 323 936 852 168 781 397 13 626 242 855 0 787 700 316 929 545 161 774 390 6 619 235 848 464 80 693 309 922 538 154 767 383 996 612 228 841 457 73 686 0 915
540 193 843 496 149 799 452 105 755 408 61 711 364 17 667 320 970 623 276 0 579 232 882 535 188 838 491 144 794 447 100 750 403 56 706 359 12 662 315 965 618 271 1221 574 227 877 530 183 0 486 139 789 442 95 745 398 51 1401 354 7 657 310 960 613 266 916 569 222 872 525 178 828 481 134 784 437 90 0 393 46
736 426 116 803 493 183 870 560 250 937 627 317 7 694 384 0 761 451 141 828 518 208 895 585 275 962 652 342 32 719 409 99 786 476 166 853 543 233 920 610 300 987 677 667 0 744 434 124 811 501 191 878 568 258 945 635 325 15 702 392 82 769 459 149 1536 526 216 903 593 283 970 660 350 0 727 417 107 794 484 174
932 659 386 113 837 564 0 18 742 469 196 920 647 374 101 825 552 279 6 730 457 184 908 635 362 89 813 540 267 991 718 445 172 896 623 0 77 801 528 255 979 706 433 160 1184 611 338 65 789 516 243 967 694 421 148 872 599 326 53 777 504 231 955 682 0 136 860 587 314 41 765 1192 219 943 670 397 124 848 575 302
131 892 656 420 184 945 709 473 237 1 762 526 290 54 815 579 343 107 868 632 396 160 921 685 449 0 974 738 502 266 30 791 555 319 83 844 608 372 136 897 661 425 189 950 714 778 242 6 767 531 295 59 820 584 0 112 873 637 401 165 926 690 454 218 979 743 507 271 35 796 560 324 88 849 613 377 141 902 1366 430
327 128 926 727 528 1029 130 0 729 530 331 132 930 731 532 333 134 932 733 534 335 136 934 735 536 337 138 936 737 538 339 140 938 739 540 341 0 940 741 542 343 144 942 743 544 345 446 944 745 546 347 148 946 747 548 349 150 948 749 550 351 152 950 751 552 0 154 952 753 554 355 156 954 755 556 357 158 956 757 558
523 361 199 37 872 710 548 386 224 62 897 735 1273 411 249 87 922 760 598 436 274 112 947 0 623 461 299 137 972 810 648 486 324 162 997 835 673 511 349 187 25 860 698 536 374 212 50 1185 723 561 399 237 0 910 748 586 424 262 100 935 773 611 449 287 125 960 798 636 474 312 150 985 823 661 499 337 175 13 848 686
719 594 469 344 219 94 966 841 716 591 466 341 216 91 963 838 0 588 463 1038 213 88 960 835 710 585 460 335 210 85 957 832 707 582 457 332 207 82 954 829 704 579 454 329 204 0 951 826 1001 576 451 326 201 76 948 823 698 573 448 323 198 73 945 820 695 570 445 320 195 70 942 817 692 567 0 317 192 67 939 814
915 827 739 651 563 475 387 299 0 123 35 944 856 768 680 592 504 416 328 240 152 64 973 885 797 709 1321 533 445 357 269 181 93 5 914 826 738 0 562 474 386 298 210 122 34 943 855 767 679 891 503 415 327 239 151 63 972 884 796 708 620 532 444 356 268 180 0 4 913 825 737 649 561 473 385 297 209 121 33 942
114 0 12 958 907 856 805 754 703 652 601 550 499 448 397 346 295 244 193 142 91 40 986 935 884 833 782 731 680 629 0 527 476 1125 374 323 272 221 170 119 68 17 963 912 861 810 759 708 657 606 855 504 453 402 351 300 249 198 147 0 45 991 940 889 838 787 736 685 634 583 532 481 430 379 328 277 226 175 124 73
310 296 282 268 254 240 226 212 198 184 170 156 142 128 114 100 86 0 58 44 30 16 2 985 971 957 943 929 915 901 887 873 859 845 831 817 803 789 775 761 1447 733 719 705 691 677 0 649 635 621 607 893 579 565 551 537 523 509 495 481 467 453 439 425 411 397 383 369 355 341 327 313 299 285 271 0 243 229 215 201
506 529 552 575 598 621 644 667 690 713 736 759 782 805 828 851 874 897 920 943 966 989 15 38 61 84 107 130 0 176 199 222 245 268 291 314 337 360 383 406 429 452 475 498 521 544 567 1290 613 636 659 682 1005 728 751 774 797 0 843 866 889 912 935 958 981 7 30 53 76 99 122 145 168 191 214 237 260 283 306 329
702 762 822 882 942 5 65 125 185 245 305 365 425 485 545 605 665 725 0 845 905 965 28 88 148 208 268 328 388 448 508 568 628 688 748 808 868 928 988 51 111 171 231 291 351 411 471 0 591 651 711 771 831 1191 1651 14 74 134 194 254 314 374 434 494 554 614 674 734 794 854 914 974 37 97 157 217 0 337 397 457
898 995 95 192 289 386 483 580 677 0 871 968 68 165 262 359 456 553 650 747 844 941 41 138 235 332 429 526 623 720 817 914 14 111 208 305 402 499 0 693 790 887 984 84 181 278 375 472 569 666 763 860 957 57 454 251 348 445 542 639 736 1533 930 30 127 224 321 0 515 612 709 806 903 3 100 197 294 391 488 585
97 231 365 499 633 0 901 38 172 306 440 574 708 842 976 113 247 381 515 649 783 917 54 188 322 456 590 724 858 992 129 263 397 531 0 799 933 70 204 338 472 606 740 874 11 145 279 413 547 681 815 949 86 220 354 788 622 756 890 27 161 295 429 0 697 831 965 102 936 370 504 638 772 906 43 177 311 445 579 713
293 464 635 806 0 151 322 493 664 835 9 180 351 522 693 864 38 209 380 551 722 893 67 238 409 580 751 922 96 267 438 609 780 0 125 296 467 638 809 980 154 325 496 667 838 12 183 354 525 696 867 41 212 383 554 725 1196 70 241 412 583 754 0 99 270 441 612 783 954 128 299 470 641 812 983 857 328 499 670 841
489 697 1605 116 324 532 740 948 159 367 575 783 991 202 410 618 826 37 245 453 661 869 0 288 496 704 912 123 331 539 747 955 166 374 582 790 1 209 417 625 833 44 252 460 668 876 87 295 503 711 919 0 338 546 754 962 173 681 589 797 8 216 424 632 840 51 259 467 675 883 94 302 510 718 926 137 345 553 761 969
685 930 178 423 668 913 161 406 651 1596 144 389 634 879 127 372 617 862 110 355 600 845 93 338 0 828 76 321 566 811 59 304 549 794 42 287 532 777 25 270 515 760 8 253 498 743 988 236 481 726 971 219 464 0 954 202 447 692 1237 185 430 675 920 168 413 658 903 151 396 641 886 134 379 624 869 117 362 607 852 100
881 166 448 730 15 297 579 861 146 428 710 992 277 559 841 126 1108 690 972 257 539 821 106 388 670 952 237 0 801 86 368 650 932 217 499 781 66 348 630 912 197 479 761 46 328 610 892 177 459 741 26 308 590 872 157 439 0 6 288 870 852 137 419 701 983 268 550 832 117 399 681 963 248 530 812 97 379 661 943 228
80 399 718 0 359 678 997 319 638 957 279 598 917 239 558 877 199 518 837 159 478 797 119 1138 757 79 398 717 39 358 677 996 0 637 956 278 597 916 238 557 876 198 517 836 158 477 796 118 437 756 78 397 716 38 357 676 995 317 636 955 577 0 915 237 556 875 197 516 835 157 476 795 117 436 755 77 396 715 37 356
276 632 988 347 703 62 418 774 133 489 845 204 560 0 275 631 987 346 702 61 417 773 132 488 844 203 559 915 274 630 1686 345 701 60 416 772 131 487 843 202 558 914 0 629 985 344 700 59 415 771 130 486 842 201 557 913 272 628 984 343 699 358 414 770 129 485 841 200 556 912 271 0 983 342 698 57 413 769 128 484
472 865 261 654 50 443 836 232 625 21 414 807 203 596 0 385 778 174 567 960 356 749 145 538 931 327 720 116 509 902 298 691 87 480 873 269 662 758 451 844 240 633 29 0 815 211 604 997 393 786 182 575 968 364 757 153 546 939 335 728 124 517 1210 306 699 95 488 881 277 670 66 459 0 248 641 37 430 823 219 612
668 101 531 961 394 824 257 687 120 550 980 413 843 276 706 139 569 2 432 862 295 725 158 588 21 451 881 314 744 177 607 40 470 900 333 763 196 626 59 489 919 352 782 215 1345 78 508 938 371 801 234 664 97 527 957 390 820 253 683 116 546 976 409 1139 272 702 135 565 995 428 858 291 721 154 584 17 447 877 310 740
864 334 801 271 738 208 675 145 612 82 0 19 486 953 423 890 360 827 297 764 234 701 171 638 108 575 45 512 979 449 916 386 853 323 790 260 727 197 664 0 601 71 538 8 475 942 412 879 349 816 286 1453 223 690 160 627 97 564 34 501 968 438 905 375 1142 312 779 249 0 186 653 123 590 60 527 994 464 931 401 868
63 567 74 578 85 589 96 600 107 611 118 0 129 633 140 644 151 655 162 666 173 677 184 688 195 699 206 710 217 721 228 732 239 743 250 754 261 765 272 776 0 787 294 798 305 809 316 820 327 831 338 842 349 853 360 864 371 875 1082 886 393 897 404 908 415 1219 426 930 437 0 448 952 459 963 470 974 481 985 492 996
259 800 344 885 429 970 514 58 599 143 684 228 769 313 854 398 939 483 27 568 112 0 197 738 282 823 367 908 452 993 537 81 622 166 707 251 792 336 877 421 962 506 50 591 135 676 220 761 305 846 0 931 475 19 560 104 645 189 730 274 815 359 900 444 985 1229 373 614 158 699 243 784 328 869 413 954 498 42 583 0
455 36 614 195 773 354 932 513 94 672 253 831 412 990 571 152 730 311 889 470 51 629 210 788 369 947 0 109 687 268 846 427 8 586 167 745 326 904 485 66 644 225 803 384 962 543 124 702 283 861 442 23 601 182 760 0 919 500 81 659 240 818 399 977 558 139 717 598 876 457 38 616 897 775 356 934 515 96 674 255
0 269 884 502 120 735 353 968 586 204 819 437 55 670 288 903 521 139 754 372 987 605 223 838 456 74 689 307 922 0 158 773 391 9 624 242 857 475 93 708 326 941 559 177 792 410 28 643 261 876 494 112 727 345 960 578 196 811 0 47 662 280 895 513 131 746 364 979 897 215 830 448 66 681 299 914 532 150 765 1083
847 502 0 809 464 119 1471 426 81 733 388 43 695 350 5 657 312 964 619 274 926 581 236 888 543 198 850 505 160 812 467 0 774 429 84 736 391 46 698 353 8 660 315 967 622 277 929 584 239 891 546 201 853 508 163 815 470 125 777 432 0 739 394 49 701 356 11 663 318 1270 625 280 932 587 242 894 549 204 856 511
46 735 427 119 808 500 192 881 573 265 954 646 338 730 719 411 103 792 484 176 0 557 249 938 630 322 14 703 395 87 776 468 160 849 541 233 922 614 306 995 687 379 71 760 452 144 833 525 217 0 598 290 979 671 363 55 744 436 128 817 509 201 890 582 274 963 655 347 39 728 720 112 801 493 185 874 566 258 0 639
242 968 697 426 155 881 610 339 68 794 523 252 978 707 436 165 891 620 349 0 1504 533 262 988 717 446 175 901 630 359 88 814 543 272 1 727 456 185 911 640 369 98 824 553 282 11 737 466 0 921 650 379 108 834 563 292 21 747 476 205 931 660 389 118 844 573 302 31 757 486 215 1241 670 399 128 854 583 0 41 767
438 204 967 733 499 265 31 794 560 326 92 855 621 387 153 0 682 448 214 977 743 509 275 41 804 570 336 802 865 631 397 163 926 692 458 224 987 753 519 285 51 814 580 346 0 875 641 407 173 936 702 468 234 997 763 529 295 61 824 590 356 122 885 651 417 183 946 712 478 244 10 773 839 0 71 834 600 366 132 895
634 437 240 43 843 646 0 252 55 855 658 461 264 67 867 670 473 276 79 879 682 485 288 91 891 694 497 300 103 903 706 509 312 115 1615 0 521 324 127 927 730 533 336 139 939 742 545 348 151 951 754 557 360 163 963 766 569 372 175 975 778 581 384 187 0 790 593 396 199 2 802 605 408 511 14 814 617 420 223 26
830 670 510 350 190 30 867 707 547 387 227 67 904 744 584 424 264 104 941 781 621 461 301 141 978 0 658 498 338 178 18 855 695 535 375 215 55 892 732 572 412 952 92 929 769 609 449 289 129 966 806 646 486 326 0 6 843 683 523 363 203 43 880 720 560 400 240 80 917 757 597 437 277 117 1254 794 634 474 314 154
29 903 780 657 534 411 288 0 42 916 793 670 547 424 301 178 55 929 806 683 560 437 314 191 68 942 819 696 573 450 327 204 81 955 832 709 0 463 340 217 94 968 845 722 599 476 353 230 807 981 858 735 612 489 366 243 120 994 871 748 625 502 379 256 133 0 884 761 638 515 392 269 146 23 897 1074 651 528 405 282
225 139 53 964 878 792 706 620 534 448 362 276 190 104 18 929 843 757 671 585 499 413 327 0 155 69 980 894 808 722 636 550 464 378 292 206 120 34 945 859 773 687 601 515 429 343 257 171 85 996 910 824 0 652 566 1180 394 308 222 136 50 961 875 789 703 617 531 445 359 273 187 101 15 926 840 754 968 582 496 410
421 372 323 274 225 176 127 78 29 977 928 879 830 781 732 683 0 585 536 487 438 389 340 291 242 193 144 95 46 994 945 896 847 798 749 700 651 602 553 504 455 406 357 308 259 0 161 112 63 14 962 913 864 815 766 717 668 619 570 521 472 423 1074 325 276 227 178 129 80 31 979 930 881 832 0 734 685 936 587 538
617 605 593 581 569 557 545 533 0 509 497 485 473 461 449 437 425 413 401 389 377 365 353 341 329 317 305 293 281 269 257 245 233 221 209 197 185 0 161 149 137 125 113 101 89 77 65 53 41 29 17 5 990 978 966 954 942 930 918 906 894 882 870 858 846 834 0 810 798 1486 774 762 750 738 726 714 702 690 978 666
813 0 863 888 913 938 963 988 16 41 66 91 116 141 166 191 216 241 266 291 316 341 366 391 416 441 466 491 516 541 0 591 616 641 666 691 716 741 766 791 816 841 866 891 916 941 966 991 19 44 69 94 119 144 169 194 219 244 269 0 319 344 369 394 419 444 469 494 519 544 569 594 619 644 669 694 1419 744 769 1094
