100 120
856 0 804 1628 55 179 303 427 551 675 799 923 50 174 298 422 546 670 794 918 0 169 293 417 541 665 789 913 40 164 288 412 536 660 784 908 35 159 283 0 531 655 779 903 30 154 278 402 526 650 774 898 25 149 273 397 521 645 0 893 20 144 268 392 516 640 764 888 15 139 263 387 511 635 759 883 10 0 258 382 506 630 754 878 5 129 253 377 501 625 749 873 997 124 248 372 0 620 744 868 992 119 243 367 491 615 739 863 987 114 238 362 486 610 734 0 982 109 233 357
752 1213 77 238 0 560 721 882 46 207 1068 529 690 851 15 176 337 498 659 820 981 145 306 0 628 789 950 114 275 436 597 758 919 83 244 405 566 727 888 52 213 374 0 696 857 21 182 343 504 665 826 987 151 312 473 634 795 956 120 281 442 0 764 925 89 250 411 572 733 894 58 219 380 541 702 863 27 188 349 510 0 832 993 157 318 479 640 801 962 126 287 448 609 770 931 95 256 417 578 0 900 64 225 386 547 708 869 33 194 355 516 677 838 2 163 324 485 646 0 968
948 149 647 545 743 941 142 340 538 736 934 135 0 531 729 927 128 1026 524 722 920 121 319 517 715 913 114 312 510 708 906 0 305 503 701 899 100 298 496 694 892 93 291 489 687 885 86 284 482 680 0 79 277 475 673 871 72 270 468 666 864 65 263 461 659 857 58 256 454 0 850 51 249 447 645 843 44 242 440 638 836 37 235 433 631 829 30 228 0 624 822 23 221 419 617 815 16 214 412 610 808 9 207 405 603 801 2 0 398 596 794 992 193 391 589 787 985 186 384 582
147 382 617 1152 90 0 560 795 33 268 503 738 973 211 446 681 916 154 389 624 859 97 332 567 0 40 275 510 745 980 218 453 688 923 161 396 631 866 104 339 574 809 47 0 517 752 987 225 460 695 930 168 403 638 873 111 346 581 816 54 289 524 0 994 232 467 702 937 175 410 645 880 118 353 588 823 61 296 531 766 4 0 474 709 944 182 417 652 887 125 360 595 830 68 303 538 773 11 246 481 0 951 189 424 659 894 132 367 602 837 75 310 545 780 18 253 488 723 958 0
343 615 887 162 734 706 0 253 525 797 72 344 616 888 163 435 707 979 254 526 798 73 345 617 889 0 436 708 980 255 527 1499 74 346 618 890 165 437 709 981 256 528 800 75 0 619 891 166 438 710 982 257 529 801 76 348 620 892 167 439 711 983 258 0 802 77 349 621 893 168 440 712 984 259 531 803 78 350 622 894 169 441 0 985 260 532 804 79 351 623 895 170 442 714 986 261 533 805 80 352 624 0 171 443 715 987 262 534 806 81 353 625 897 172 444 716 988 263 535 807
539 848 160 469 778 390 399 708 0 329 638 947 259 568 877 189 498 807 119 428 737 49 358 667 976 288 597 0 218 527 836 148 457 766 78 387 696 8 1017 626 935 247 556 865 177 486 0 107 416 725 37 346 655 964 276 585 894 206 515 824 136 445 754 66 375 0 993 305 614 923 235 544 853 165 474 783 95 404 713 25 334 643 952 264 0 882 194 503 812 124 433 742 54 363 672 981 293 602 911 223 532 841 153 0 771 83 392 701 13 322 631 940 252 561 870 182 491 800 112 421
735 84 430 776 125 471 1117 166 512 858 207 553 899 248 0 940 289 635 981 330 676 25 371 717 66 412 758 107 453 799 148 494 840 0 535 881 230 576 922 271 617 963 312 658 7 1053 699 48 394 740 89 435 0 130 476 822 171 517 863 212 558 904 253 599 945 294 640 986 335 681 30 0 722 71 417 763 112 458 804 153 499 845 194 540 886 235 581 927 276 622 0 317 663 12 358 704 53 399 745 94 440 786 135 481 827 176 522 868 217 0 909 258 604 950 299 645 991 340 686 35
931 317 700 86 469 852 238 921 7 390 773 159 542 925 311 694 80 463 846 232 615 1 384 767 153 536 919 305 688 74 457 840 226 609 992 378 761 147 530 913 299 682 68 451 834 220 603 986 372 755 141 524 1607 293 676 62 445 828 214 597 980 366 749 135 518 901 287 670 56 439 822 208 591 974 360 743 129 512 895 281 664 50 433 816 202 585 968 354 737 123 506 889 275 658 44 427 810 196 579 962 348 731 117 500 883 269 652 38 421 804 190 573 956 342 725 111 494 877 263 646
130 550 970 393 813 236 656 79 799 0 342 762 185 605 28 448 868 291 711 134 554 974 397 817 240 660 83 503 0 346 766 189 609 32 452 872 295 715 138 558 978 401 821 244 664 87 507 0 350 770 193 613 36 456 876 299 719 142 562 1682 405 825 248 668 91 511 0 354 774 197 617 40 460 880 303 723 146 566 986 409 829 252 672 95 515 0 358 778 201 621 44 464 884 307 727 150 570 990 413 833 256 676 99 519 0 362 782 205 625 48 468 888 311 731 154 574 994 417 837 260
326 783 243 700 160 617 77 534 991 751 908 368 825 285 742 0 659 119 576 36 493 950 410 867 327 784 244 701 161 618 78 535 992 452 0 369 826 286 743 203 660 120 577 37 494 951 411 868 328 785 245 702 162 0 79 536 993 453 910 370 827 287 744 204 661 121 1278 38 495 952 412 869 0 786 246 703 163 620 80 537 994 454 911 371 828 288 745 205 662 122 579 0 496 953 413 870 330 787 247 704 164 621 81 538 995 455 912 372 829 289 0 206 663 123 580 40 497 954 414 871
522 19 513 10 504 1 495 989 486 980 777 971 468 962 459 953 450 0 441 935 432 926 423 917 414 908 405 899 396 890 387 881 378 872 369 863 0 854 351 845 342 836 333 827 324 818 315 809 306 800 297 791 288 782 279 0 270 764 261 755 252 746 243 737 234 728 225 719 216 710 207 701 198 1392 0 683 180 674 171 665 162 656 153 647 144 638 135 629 126 620 117 611 108 0 99 593 90 584 81 575 72 566 63 557 54 548 45 539 36 530 27 521 0 512 9 503 997 494 988 485
718 252 783 317 848 382 913 447 978 512 46 877 111 642 176 707 241 772 0 837 371 902 436 967 501 35 566 100 631 165 696 230 761 295 826 360 891 0 956 490 24 555 89 620 154 685 219 750 284 815 349 880 414 945 479 13 0 78 609 143 674 208 739 273 804 338 869 403 934 468 2 533 67 598 132 0 197 728 262 793 1027 858 392 923 457 988 522 56 587 121 652 186 717 251 0 316 847 381 912 446 977 511 45 576 110 641 175 706 240 771 305 836 370 0 435 966 500 34 565 99
914 485 56 624 195 763 334 902 473 44 612 0 1051 322 890 461 32 600 171 739 310 878 449 20 588 159 727 298 866 437 0 576 147 715 286 854 425 993 564 135 703 274 842 413 981 552 123 691 262 0 401 969 540 111 679 250 818 389 957 528 99 667 238 806 377 945 516 87 0 226 794 365 933 504 75 643 214 782 353 921 492 63 631 202 770 341 909 0 51 619 190 758 329 897 468 39 607 178 746 317 885 456 27 595 166 734 0 873 444 15 583 154 722 293 861 432 3 571 142 710
0 718 326 931 539 147 752 360 965 573 181 786 394 302 607 215 820 428 36 0 249 854 462 70 675 283 888 496 104 709 317 922 530 138 743 351 956 564 0 777 385 990 598 206 811 419 27 632 240 845 453 61 666 274 879 487 95 0 308 913 521 129 734 342 947 555 163 768 376 981 589 197 802 410 18 623 0 836 444 52 657 265 870 478 86 691 299 904 512 120 725 333 938 546 854 0 367 972 580 188 793 401 9 614 222 827 435 43 648 256 861 469 77 682 0 895 503 111 716 324
309 951 596 0 883 528 173 815 460 105 747 392 37 679 624 966 611 256 898 543 188 830 0 120 762 407 52 694 339 981 626 271 913 558 203 845 490 135 777 422 67 0 354 996 641 286 928 573 218 860 505 150 792 437 82 724 369 14 656 301 0 588 233 875 520 165 807 452 97 739 384 29 671 316 958 603 248 890 535 0 822 467 112 754 399 44 686 331 973 618 263 905 550 195 837 482 127 769 0 59 701 1046 988 633 278 920 565 210 852 497 142 784 429 74 716 361 6 0 293 935
505 187 866 548 230 909 591 273 952 634 0 995 677 359 41 1020 402 84 763 445 127 806 488 170 849 531 213 892 574 0 935 617 299 978 660 342 24 703 385 67 746 428 110 789 471 153 832 514 0 875 557 239 918 600 282 961 643 325 7 686 368 50 729 411 93 772 454 0 815 497 179 858 540 222 901 583 265 944 626 308 987 669 351 33 712 394 0 755 437 119 798 480 162 841 523 205 884 566 248 927 609 291 970 652 334 0 695 377 759 738 420 102 781 463 145 824 506 188 867 549
701 420 139 855 574 293 12 0 447 166 882 601 320 39 755 474 493 909 628 347 66 782 501 220 936 655 0 93 809 528 247 963 682 401 120 836 555 274 990 709 428 147 863 582 301 0 736 455 174 890 609 328 47 763 482 201 917 636 355 74 790 509 228 944 0 382 101 817 536 255 971 690 409 128 844 563 282 1 717 436 155 871 590 0 28 744 463 182 898 617 336 55 771 490 209 925 644 363 82 798 517 236 0 671 390 109 825 544 263 979 698 417 136 852 571 990 9 725 444 163
897 653 1109 165 918 674 430 186 939 695 451 207 960 716 472 228 0 1037 493 249 5 758 514 270 26 779 535 291 47 800 556 312 68 821 577 0 89 842 598 354 110 863 619 375 131 884 640 396 152 905 661 417 173 926 0 438 194 947 703 459 215 968 724 480 236 989 745 501 257 13 766 522 278 0 787 543 299 55 808 564 320 76 829 585 341 97 850 606 362 118 871 627 0 139 892 648 404 160 913 669 425 181 934 690 446 202 955 711 467 223 976 0 488 244 997 753 509 265 21 774
96 886 679 472 265 58 848 641 434 927 20 810 603 0 189 979 772 565 658 151 941 734 527 320 113 903 696 489 282 75 865 658 0 244 37 827 620 413 206 996 789 582 375 168 958 751 544 337 130 920 713 0 299 92 882 675 468 261 54 844 637 430 223 16 806 599 392 185 975 768 0 354 147 937 730 523 316 109 899 692 485 278 71 861 654 447 240 33 823 0 409 202 992 785 578 371 164 954 747 540 333 126 916 709 502 295 88 878 0 464 257 50 840 633 426 219 12 802 595 388
292 0 949 779 609 439 269 99 926 756 586 416 246 76 903 733 1263 393 223 353 0 710 540 370 200 30 857 687 517 347 177 7 834 664 494 324 154 981 811 0 471 301 131 958 788 618 448 278 108 935 765 595 425 255 85 912 742 572 0 232 62 889 719 549 379 209 39 866 696 526 356 186 16 843 673 503 333 0 990 820 650 480 310 140 967 797 627 457 287 117 944 774 604 434 264 94 0 751 581 411 241 71 898 728 558 388 218 48 875 705 535 365 195 25 852 0 512 342 172 2
488 355 222 89 0 820 687 554 421 288 155 22 886 753 620 487 354 221 88 952 1119 686 553 0 287 154 21 885 752 619 486 353 220 87 951 818 685 552 419 286 153 20 0 751 618 485 352 219 86 950 817 684 551 418 285 152 19 883 750 617 484 0 218 85 949 816 683 550 417 284 151 18 882 749 616 483 350 217 84 948 0 682 549 416 283 150 17 881 748 615 482 349 216 83 947 814 681 548 415 0 149 16 880 747 614 481 348 215 82 946 813 680 547 414 281 148 15 879 0 613
684 588 492 396 300 204 108 12 913 817 721 625 0 433 337 241 145 49 950 854 758 962 566 470 374 278 182 86 987 891 1495 0 603 507 411 315 219 123 27 928 832 736 640 544 448 352 256 160 64 965 0 773 677 581 485 389 293 197 101 5 906 810 714 618 522 426 330 234 138 0 943 847 751 655 559 463 367 271 175 79 980 884 788 692 596 500 404 308 0 116 20 921 825 729 633 537 441 345 249 153 57 958 862 766 670 574 478 0 286 190 94 995 899 803 707 611 515 419 323 227
880 821 762 703 644 0 526 467 408 349 290 231 172 113 54 992 933 874 815 756 697 638 879 520 0 402 343 284 225 166 107 48 986 927 868 809 750 1391 632 573 514 455 396 0 278 219 160 101 42 980 921 862 803 744 685 626 567 508 449 390 331 272 0 154 95 36 974 915 856 797 738 679 620 561 502 443 384 325 266 207 148 0 30 968 909 850 791 732 673 614 555 496 437 378 319 260 201 142 83 24 0 903 844 785 726 667 608 549 490 431 372 313 254 195 136 77 18 956 897 0
79 57 35 13 988 966 0 922 900 878 856 834 812 790 768 746 724 702 680 658 636 614 592 870 548 0 504 482 460 438 416 394 372 350 328 306 284 262 240 218 196 174 152 130 0 86 64 42 20 995 973 951 929 907 885 863 841 819 797 775 753 731 709 0 665 643 621 599 577 555 533 511 489 467 445 423 401 379 357 335 313 291 0 247 225 203 181 159 137 115 93 71 49 27 5 980 958 936 914 892 870 0 826 804 782 760 738 716 694 672 650 628 606 584 562 540 518 496 474 452
275 290 305 320 335 350 365 380 0 410 425 440 455 470 485 500 515 530 545 560 575 590 605 620 935 650 665 0 695 710 725 740 755 770 785 800 815 830 845 860 875 890 905 920 935 950 0 980 995 13 28 743 58 73 88 103 118 133 148 163 178 193 208 223 238 0 268 283 298 313 328 343 358 373 388 403 418 433 448 463 478 493 508 523 0 553 568 583 598 613 628 643 658 673 688 703 718 733 748 763 778 793 808 0 838 853 868 883 898 913 928 943 958 973 988 6 21 36 51 66
471 523 575 627 679 731 783 835 887 939 991 46 98 150 0 254 306 358 410 462 514 566 618 670 722 1074 826 878 930 982 37 89 141 0 245 297 349 401 453 505 557 609 661 713 765 817 869 921 973 28 80 132 0 236 288 340 392 444 1196 548 600 652 704 756 808 860 912 964 19 71 123 0 227 279 331 383 435 487 539 591 643 695 747 799 851 903 955 10 62 114 0 218 270 322 374 426 478 530 582 634 686 738 790 842 894 946 1 53 105 0 209 261 313 365 417 469 521 573 625 677
667 756 845 934 26 115 204 293 382 471 560 649 738 827 916 8 97 186 275 364 453 542 631 720 809 898 1287 79 168 257 346 435 524 613 702 791 880 969 61 150 239 328 417 506 595 684 773 862 951 43 132 221 310 399 488 577 666 755 844 933 25 114 203 292 381 1170 559 648 737 826 915 7 96 185 274 363 452 541 630 719 808 897 986 78 167 256 345 434 523 612 701 790 879 968 60 149 238 327 416 505 594 683 772 861 950 42 131 220 309 398 487 576 665 754 843 932 24 113 202 291
863 989 118 244 370 496 622 748 874 0 129 255 381 507 633 759 885 14 140 266 392 518 644 770 896 25 151 577 0 529 655 781 907 36 162 288 414 540 666 792 918 47 173 299 425 551 677 0 929 58 184 310 436 562 688 814 940 69 195 321 447 573 699 825 951 80 0 332 458 584 710 836 1662 91 217 343 469 595 721 847 973 102 228 354 480 0 732 858 984 113 239 365 491 617 743 869 995 124 250 376 502 628 754 880 0 135 261 387 513 639 765 891 20 146 272 398 524 650 776 902
62 225 388 551 714 877 43 206 369 532 695 858 24 187 350 0 676 839 5 168 331 494 657 820 983 149 312 475 938 801 964 130 293 456 0 782 945 111 274 437 600 763 926 92 255 418 581 744 907 73 236 399 562 0 888 54 217 380 543 706 869 35 198 361 524 687 850 16 179 342 505 668 0 994 160 323 486 649 812 1675 141 304 467 630 793 956 122 285 448 611 774 0 103 266 429 592 755 918 84 247 410 573 736 899 65 228 391 554 717 880 0 209 372 535 698 861 27 190 353 516
258 458 658 858 61 261 461 661 861 64 264 464 664 864 67 267 467 0 867 70 270 470 670 870 73 273 473 673 873 376 276 476 676 876 79 279 0 679 879 82 282 482 682 882 85 285 485 685 885 88 288 488 688 888 91 0 491 691 891 94 294 494 694 894 97 297 497 697 897 100 300 500 700 900 0 303 503 703 903 106 306 506 706 906 109 309 1209 709 909 112 312 512 712 0 115 315 515 715 915 118 318 518 718 918 121 321 521 721 921 124 324 524 0 924 127 327 527 727 927 130
454 691 928 168 405 642 879 119 356 593 830 70 307 544 781 21 258 495 0 969 209 446 683 920 160 397 634 871 111 348 885 822 62 299 536 773 13 0 487 724 961 201 438 675 912 152 389 626 863 103 340 577 814 54 291 528 0 5 242 479 716 953 193 430 667 904 144 381 618 855 95 332 569 806 46 0 520 757 994 234 471 708 945 185 422 659 896 136 373 610 847 87 324 1261 0 38 275 512 749 986 226 463 700 937 177 414 651 888 128 365 602 839 79 0 553 790 30 267 504 741
650 924 201 475 749 26 300 574 848 125 399 0 947 224 498 772 49 323 597 871 148 422 696 970 247 521 795 72 346 620 0 471 445 719 993 270 544 818 95 369 643 917 194 468 742 19 293 567 841 0 392 666 940 217 491 765 42 316 590 864 141 415 689 963 240 514 788 65 0 613 887 164 438 712 986 263 537 811 88 362 636 910 187 461 735 12 286 0 834 111 385 659 933 210 484 758 35 309 583 857 834 408 682 956 233 507 0 58 332 606 880 157 431 705 979 256 530 804 81 355
0 160 471 782 96 407 718 32 343 654 965 279 590 901 215 526 837 151 462 0 87 398 709 23 334 645 956 270 581 892 206 517 1128 142 453 764 78 389 0 14 325 636 947 261 572 883 197 508 819 133 444 755 69 380 691 5 316 0 938 252 563 874 188 499 810 124 435 746 60 371 682 993 307 618 929 243 0 865 179 490 801 115 426 737 51 362 673 984 298 609 920 234 545 856 170 0 792 106 417 728 42 353 664 975 289 600 911 925 536 847 161 472 783 97 0 719 33 344 655 966
45 393 741 0 440 788 139 487 835 186 534 882 233 581 929 280 628 976 327 675 26 374 0 73 421 769 120 468 816 167 515 863 214 862 910 261 609 957 308 656 7 0 703 54 402 750 101 449 797 148 496 844 195 543 891 242 590 938 289 637 0 336 684 35 383 731 82 430 778 129 477 825 176 524 872 223 571 919 270 0 966 317 665 16 364 712 63 411 759 110 458 806 157 505 853 204 552 900 0 599 947 298 646 994 345 693 44 392 740 91 439 787 138 486 1534 185 533 0 232 580
241 1326 14 399 784 172 557 942 330 715 0 488 873 261 646 34 419 804 192 577 962 350 735 123 508 893 281 666 54 0 824 212 597 982 670 755 143 528 913 301 686 74 459 844 232 617 5 390 0 163 548 933 321 706 94 479 864 252 637 25 410 795 183 568 953 341 726 0 499 884 272 657 45 430 815 203 588 973 361 746 134 519 904 292 677 65 0 835 223 608 993 381 766 154 539 924 312 697 85 470 855 243 628 16 401 0 174 559 944 332 717 105 490 875 263 648 36 421 806 194
437 859 284 706 131 553 975 0 1522 247 669 94 516 938 363 785 210 632 57 479 901 326 748 173 595 20 0 864 289 711 136 558 980 405 827 552 674 99 521 943 368 790 215 637 62 0 906 331 753 178 600 25 447 869 294 716 141 563 985 410 832 257 679 104 0 948 373 795 220 642 67 489 911 336 758 183 605 30 452 874 299 721 146 0 990 415 837 262 684 109 531 953 378 800 225 647 72 494 916 341 763 188 0 35 457 879 304 726 151 573 995 420 842 267 689 114 536 958 383 805
633 95 554 16 475 934 396 855 317 776 238 697 159 618 80 1239 0 460 919 381 840 302 761 223 682 144 603 65 524 983 445 904 366 825 287 0 508 667 129 588 50 509 968 430 889 351 810 272 731 193 652 114 573 35 0 953 415 874 336 795 257 716 178 637 99 558 20 479 938 400 859 321 780 0 701 163 622 84 543 5 464 923 385 844 306 765 227 686 148 607 69 528 0 449 908 370 829 291 750 212 671 133 592 54 513 972 434 893 355 814 276 0 197 656 118 577 39 498 957 419
829 328 824 323 819 318 814 313 809 308 804 303 799 0 794 293 789 288 784 283 779 278 1474 273 769 268 764 263 759 258 754 253 0 248 744 243 739 538 734 233 729 228 724 223 719 218 714 213 709 208 704 0 699 198 694 193 689 188 684 183 679 178 674 173 669 168 664 163 659 158 0 153 649 148 644 143 639 138 634 133 629 128 624 123 619 118 614 113 609 0 604 103 599 98 594 93 589 88 584 83 579 78 574 73 569 68 564 63 0 58 554 53 549 48 544 43 539 38 534 33
28 0 97 630 166 699 235 768 304 837 373 906 442 975 511 47 580 116 649 185 0 254 787 323 856 392 925 461 994 1230 66 599 135 668 204 737 273 806 642 0 411 944 480 16 549 85 618 154 687 223 756 292 825 361 894 430 963 499 0 568 104 637 173 706 242 775 311 844 380 913 449 982 518 54 587 123 656 0 725 261 794 330 863 399 932 468 4 537 73 606 142 675 211 744 280 813 0 882 418 951 487 23 556 92 625 161 694 230 763 299 832 368 901 437 970 0 42 575 111 644
224 794 367 937 0 83 653 226 796 369 939 512 85 655 228 798 371 941 514 87 657 230 800 0 943 516 89 659 232 802 375 945 518 91 661 234 1504 377 947 820 93 663 0 806 379 949 522 95 665 238 808 381 951 524 97 667 240 810 383 953 526 0 669 242 812 385 955 528 101 671 244 814 387 957 530 103 673 246 816 389 0 532 105 675 248 818 391 961 534 107 677 250 820 393 963 536 109 679 252 0 395 965 538 111 681 254 824 397 967 540 113 683 256 826 399 969 542 115 0 258
420 30 637 247 854 464 74 681 291 898 508 118 0 335 942 552 162 769 379 986 596 206 813 423 33 640 250 857 467 77 684 0 901 511 121 728 338 945 555 165 1072 382 989 1299 209 816 426 36 643 253 0 470 80 687 297 904 514 124 731 341 948 558 168 775 385 992 602 212 819 0 39 646 256 863 473 83 690 300 907 517 127 734 344 951 561 171 778 388 0 605 215 822 432 42 649 259 866 476 86 693 303 910 520 130 737 347 954 0 174 781 391 1 608 218 825 435 45 652 262 869
616 263 907 554 201 0 492 139 783 430 77 721 368 15 659 306 950 597 244 888 535 182 826 473 0 764 411 58 702 349 993 640 287 931 578 225 869 516 163 807 454 401 745 0 39 683 330 974 621 268 1612 559 206 850 497 144 788 435 82 726 373 20 0 311 955 602 249 893 540 187 831 478 125 769 416 63 707 354 1 645 292 0 583 230 874 521 168 812 459 106 750 397 44 688 335 979 626 273 917 564 0 855 502 149 793 440 87 731 378 25 669 316 960 607 254 898 545 192 836 0
812 496 180 861 545 229 0 594 278 959 643 327 11 692 376 60 741 425 109 790 474 158 839 523 207 0 572 256 937 621 305 986 670 354 38 719 403 87 768 452 136 817 801 185 0 550 234 915 599 283 964 648 332 16 697 381 65 1446 430 114 795 479 163 0 528 212 893 577 261 942 626 310 991 675 359 43 724 408 92 773 457 141 0 506 190 871 555 239 920 604 288 969 653 337 21 702 386 70 751 435 119 0 484 168 849 533 217 898 582 266 947 631 315 996 680 364 48 729 413 97
11 729 450 171 889 610 331 52 0 491 212 930 651 372 93 811 532 253 971 692 413 134 852 573 294 15 733 0 175 893 614 335 56 774 495 216 934 655 376 97 815 536 257 1275 696 417 0 856 577 298 19 737 458 179 897 618 339 60 778 499 220 938 659 380 801 0 540 261 979 700 421 142 860 581 302 23 741 462 183 901 622 343 64 782 0 224 942 663 384 105 823 544 265 983 704 425 146 864 585 306 27 745 466 0 905 626 347 68 786 507 228 946 667 388 109 827 548 269 987 708
207 962 720 478 236 991 749 507 265 23 778 536 294 52 0 565 323 81 836 594 352 110 865 623 381 139 894 652 410 168 923 681 439 0 952 710 468 226 981 739 497 255 13 768 826 284 42 797 555 313 71 826 0 342 100 855 613 371 129 884 642 400 158 913 671 429 187 942 700 458 216 0 729 487 245 3 758 516 274 32 787 545 303 61 816 574 332 90 845 603 0 119 874 632 390 148 903 661 419 177 932 690 448 206 961 719 477 235 990 0 506 264 22 777 535 293 51 806 564 322
403 198 990 785 580 375 170 962 757 552 347 142 934 729 524 319 114 906 701 496 291 86 878 673 468 263 58 850 645 440 235 30 822 617 412 207 2 794 589 384 179 971 766 561 356 451 943 738 533 328 123 915 710 505 300 95 887 682 477 272 67 859 654 449 244 39 831 626 421 216 11 803 598 393 188 980 775 570 1065 160 952 747 542 337 132 924 719 514 309 104 896 691 486 281 76 868 663 458 253 48 840 635 430 225 20 812 607 402 197 989 784 579 374 169 961 756 551 346 141 933
599 431 263 95 924 756 588 420 252 0 913 745 577 409 241 73 902 734 566 398 230 62 891 723 555 387 219 51 0 712 544 376 208 40 869 701 533 365 197 29 858 690 522 354 186 18 1147 0 511 343 175 7 836 668 500 332 164 993 825 657 489 321 153 982 814 646 0 310 142 971 803 635 467 299 131 960 792 624 456 288 120 949 781 613 445 0 109 938 770 602 434 266 98 927 759 591 423 255 87 916 748 580 412 244 0 905 737 569 401 233 65 894 726 558 390 222 54 883 715 547
795 664 533 402 271 140 9 875 744 613 482 351 220 89 955 0 693 562 431 300 169 38 904 773 642 511 380 249 118 984 853 722 591 460 0 198 67 933 802 671 540 409 278 147 16 882 751 920 489 358 227 96 962 0 700 569 438 307 176 45 911 780 649 518 387 256 125 991 860 729 598 467 0 205 74 940 809 678 547 416 285 154 23 889 758 627 496 365 234 103 969 0 1407 576 445 314 183 52 918 787 656 525 394 263 132 1 867 736 605 474 0 212 81 947 816 685 554 423 292 161
991 897 803 709 615 521 427 333 239 145 51 954 860 766 672 578 484 0 296 202 108 14 917 823 729 635 541 447 353 259 165 71 974 880 786 692 0 504 410 316 222 128 34 937 843 749 655 561 767 373 279 185 91 994 900 0 712 618 524 430 336 242 148 54 957 863 769 675 581 487 393 299 205 111 0 920 826 732 638 544 450 356 262 168 74 977 883 789 695 601 507 413 319 0 131 37 940 846 752 1358 564 470 376 282 188 94 997 903 809 715 621 527 0 339 245 151 57 960 866 772
190 133 76 19 959 902 845 788 731 674 617 560 503 446 389 332 275 218 0 104 47 987 930 873 816 759 702 645 588 531 474 417 360 303 246 189 132 0 18 958 901 844 787 730 673 616 559 502 445 688 331 274 217 160 103 46 0 929 872 815 758 701 644 587 530 473 416 359 302 245 188 131 74 17 957 0 843 786 729 672 615 558 501 444 387 330 273 216 159 102 45 985 928 871 0 757 700 643 586 529 472 415 358 301 244 187 830 73 16 956 899 842 785 0 671 614 557 500 443 386
386 366 346 326 306 286 266 246 226 206 186 0 146 126 106 86 66 46 26 6 983 963 943 923 903 883 863 843 823 803 0 763 743 723 703 683 663 643 623 603 583 563 543 523 503 483 463 443 423 0 683 363 343 323 303 283 263 243 223 203 183 163 143 123 103 83 63 43 0 3 980 960 940 920 900 880 860 840 820 800 780 760 740 720 700 680 660 0 620 600 580 560 540 520 500 480 460 440 420 400 380 360 340 320 300 280 0 240 220 200 180 160 140 820 100 80 60 40 20 997
0 599 616 633 650 667 684 701 718 735 752 769 786 803 820 837 854 871 888 0 922 939 956 973 990 10 27 44 61 78 95 112 129 146 163 180 197 214 0 248 265 282 299 316 333 350 367 384 401 418 435 752 469 486 503 520 537 0 571 588 605 622 639 656 673 690 707 724 741 758 775 792 809 826 843 860 0 894 911 928 945 962 979 996 16 33 50 67 84 101 118 135 152 169 186 0 220 237 254 271 288 305 322 339 356 373 390 407 424 441 458 475 492 509 0 543 560 577 594 611
778 832 886 0 994 51 105 859 213 267 321 375 429 483 537 591 645 699 753 807 861 915 0 26 80 134 188 242 296 350 404 458 512 566 620 674 728 782 836 890 944 0 55 109 163 217 271 325 379 433 487 541 895 649 703 757 811 865 919 973 0 84 138 192 246 300 354 408 462 516 570 624 678 732 786 840 894 948 5 0 113 167 221 275 329 383 437 491 545 599 653 707 761 815 869 923 977 34 0 142 196 250 304 358 412 466 520 574 628 682 736 790 844 898 952 9 63 0 171 225
974 68 159 250 341 432 523 614 705 796 0 978 72 163 954 345 436 527 618 709 800 891 982 76 167 258 349 440 531 0 713 804 895 986 80 171 262 353 444 535 626 717 808 899 990 84 175 266 0 448 539 630 721 1112 903 994 88 179 270 361 452 543 634 725 816 907 1 0 183 274 365 456 547 638 729 820 911 5 96 187 278 369 460 551 642 733 0 915 9 100 191 282 373 464 555 646 737 828 919 13 104 195 286 377 468 0 650 741 832 923 17 108 199 290 381 472 563 654 745 836
173 301 429 557 685 813 941 0 200 328 456 584 712 840 968 99 227 355 483 611 739 1567 995 126 254 382 0 638 766 894 25 153 281 409 537 665 793 921 52 180 308 436 564 692 820 0 79 207 335 463 591 719 847 975 406 234 362 490 618 746 874 5 133 261 0 517 645 773 901 32 160 288 416 544 672 800 928 59 187 315 443 571 699 0 955 86 214 342 470 598 726 854 982 113 241 369 497 625 753 881 12 140 0 396 524 652 780 908 39 167 295 423 551 679 807 935 66 194 322 450
369 534 699 864 32 197 362 527 692 857 25 190 355 520 685 850 0 183 348 513 678 843 11 176 341 506 671 836 704 169 334 499 664 829 994 0 327 492 657 822 987 155 320 485 650 815 980 148 313 478 643 808 973 141 0 771 636 801 966 134 299 464 629 794 959 127 292 457 622 787 952 120 285 0 615 780 945 113 278 443 608 773 938 106 271 436 601 766 931 99 264 429 0 759 924 92 257 422 587 752 917 85 250 415 580 745 910 78 243 408 573 0 903 71 236 401 566 731 896 64
565 767 969 174 376 578 780 982 187 389 591 793 995 0 402 604 806 11 213 415 617 819 24 226 428 630 832 37 239 441 643 845 0 252 454 1356 858 63 265 467 669 871 76 278 480 682 884 89 291 493 695 0 102 304 506 708 1210 115 317 519 721 923 128 330 532 734 936 141 343 545 0 949 154 356 558 760 962 167 369 571 773 975 180 382 584 786 988 193 395 0 799 4 206 408 610 812 17 219 421 623 825 30 232 434 636 838 43 245 0 649 851 56 258 460 662 864 69 271 473 675
761 0 242 481 720 959 201 440 679 918 160 399 638 877 119 358 597 836 78 317 0 795 37 276 515 754 993 235 474 713 952 194 433 672 911 153 392 631 870 0 351 590 1529 71 310 549 788 30 269 508 747 986 228 467 706 945 187 726 0 904 146 385 624 863 105 344 583 822 64 303 542 781 23 262 501 740 979 0 460 699 938 180 419 658 897 139 378 617 856 98 337 576 815 57 296 535 0 16 255 494 733 972 214 453 692 931 173 412 651 890 132 371 610 849 91 0 569 808 50 289
957 236 512 788 0 343 619 895 174 450 726 5 281 557 833 112 388 664 940 219 495 771 50 0 602 878 157 433 709 985 264 540 816 95 371 647 923 202 478 754 33 309 0 861 140 416 692 968 247 1223 799 78 354 630 906 185 461 737 316 292 568 0 123 399 675 951 230 506 782 61 337 613 889 168 444 720 996 275 551 827 0 382 658 934 213 489 765 44 320 596 872 151 427 703 979 258 534 810 89 0 641 917 196 472 748 27 303 579 855 134 410 686 962 241 517 793 72 348 0 900
156 469 782 98 411 724 40 353 666 979 295 608 0 237 550 863 179 492 805 121 434 747 63 376 689 5 318 631 944 260 573 0 202 515 828 144 457 770 86 399 712 28 341 654 967 283 596 909 225 538 0 167 480 793 109 422 1435 51 364 977 990 306 619 932 248 561 874 190 503 0 132 445 758 74 387 700 16 329 642 955 271 584 897 213 526 839 155 468 0 97 410 723 39 352 665 978 294 607 920 236 549 862 178 491 804 120 433 0 62 375 688 4 317 630 943 259 572 885 201 514
352 702 55 405 755 0 458 808 161 511 861 214 564 914 267 617 967 320 670 23 373 723 76 426 0 129 479 829 182 532 882 235 585 935 288 638 988 341 691 44 394 744 97 0 797 150 500 850 203 553 903 256 606 956 309 659 12 362 712 65 715 765 0 1168 818 171 521 871 224 574 924 277 627 977 330 680 33 383 733 86 436 0 139 489 839 192 542 892 245 595 945 298 648 1 351 701 54 404 754 107 0 807 160 510 860 213 563 913 266 616 966 319 669 22 372 722 75 425 775 0
548 935 325 712 102 489 0 266 653 43 430 817 207 594 981 371 758 148 535 922 312 699 89 476 863 0 640 30 417 804 194 581 968 358 745 135 522 909 299 686 76 463 850 240 0 17 404 791 181 568 955 345 732 122 509 896 286 673 63 450 837 527 614 0 391 778 168 555 942 332 1419 109 496 883 273 660 50 437 824 214 601 988 0 765 155 542 929 319 706 96 483 870 260 647 37 424 811 201 588 975 365 0 142 529 916 306 693 83 470 857 247 634 24 411 798 188 575 962 352 739
744 171 595 22 446 870 297 721 0 572 996 423 847 274 698 125 549 973 400 824 251 675 102 526 950 377 801 0 652 79 503 927 354 778 205 629 56 480 904 331 755 182 606 33 457 881 0 732 159 583 10 434 858 285 709 136 560 984 411 835 262 686 413 537 961 0 812 239 663 90 514 938 365 789 216 640 67 1191 915 342 766 193 617 44 0 892 319 743 170 594 21 445 869 296 720 147 571 995 422 846 273 697 124 0 972 399 823 250 674 101 525 949 376 800 227 651 78 502 926 353
940 404 865 329 790 254 715 179 640 104 565 29 490 951 0 876 340 801 265 726 190 651 115 576 40 501 962 426 887 351 812 276 737 0 662 126 587 51 512 973 437 898 362 823 287 748 212 673 137 598 62 523 0 448 909 373 834 298 759 223 684 148 609 373 534 995 459 920 384 845 309 0 234 695 159 620 84 545 9 470 931 395 856 320 1481 245 706 170 631 95 0 20 481 942 406 867 331 792 256 717 181 642 106 567 31 492 953 417 878 0 803 267 728 192 653 117 578 42 503 964
139 637 138 636 137 635 136 634 135 633 134 632 133 631 132 630 131 629 130 628 129 627 128 626 127 625 126 624 125 623 124 622 123 621 122 620 121 619 120 618 119 617 118 616 117 615 116 614 115 613 114 612 113 611 112 610 111 609 110 608 109 607 108 606 407 605 106 604 105 603 104 602 103 601 102 600 101 599 100 598 99 597 98 596 97 595 96 594 95 593 94 1292 93 591 92 590 91 589 90 588 89 587 88 586 87 585 86 584 85 583 84 582 83 581 82 580 81 579 80 578
335 870 408 943 481 19 554 92 627 0 700 238 773 311 846 384 919 457 992 530 68 603 141 676 214 749 287 822 0 895 433 968 506 44 579 117 652 190 725 263 798 336 871 409 944 482 20 0 93 628 166 701 239 774 312 847 385 920 458 993 531 69 604 142 677 515 0 288 823 361 896 434 969 507 45 580 118 653 191 726 264 799 337 872 410 0 483 21 556 94 629 167 702 240 775 313 848 386 1621 459 994 532 70 605 0 678 216 751 289 824 362 897 435 970 508 46 581 119 654 192
531 106 678 253 825 400 972 547 122 694 269 841 416 988 563 0 710 285 857 432 7 579 154 726 301 873 448 23 595 170 742 317 889 464 0 611 186 758 333 905 480 55 627 202 774 349 921 496 71 643 218 790 365 0 512 87 659 234 806 381 953 528 103 675 250 822 697 969 544 119 691 266 0 413 985 560 135 707 282 854 429 4 576 151 723 298 870 445 20 592 167 0 314 886 461 36 608 183 755 330 902 477 52 624 199 1471 346 918 493 68 0 215 787 362 934 509 84 656 231 803
727 339 948 560 172 781 393 5 614 226 835 447 59 668 280 889 501 0 722 334 943 555 167 776 388 997 609 221 830 442 54 663 275 884 496 108 0 329 938 550 162 771 383 992 604 216 825 437 49 658 270 879 491 103 712 0 933 545 157 766 378 987 599 211 820 432 44 953 265 874 486 98 707 319 0 540 152 761 373 982 594 206 815 427 39 648 260 869 481 93 702 314 923 0 147 756 368 977 589 201 810 422 34 643 255 864 476 88 697 309 918 530 0 751 363 972 584 196 805 417
923 572 221 867 516 165 811 460 109 755 404 53 699 348 994 643 292 938 0 236 882 531 180 826 475 124 770 419 68 714 363 12 658 307 953 602 251 0 546 195 841 490 139 785 434 83 729 378 27 673 322 968 617 266 912 561 0 856 505 154 800 449 98 744 393 42 688 337 1283 632 281 927 576 225 871 0 169 815 464 113 759 408 57 703 352 1 647 296 942 591 240 886 535 184 0 479 128 774 423 72 718 367 16 662 311 957 606 255 901 550 199 845 494 0 789 438 87 733 382 731
122 805 491 177 860 546 932 915 601 287 970 0 342 28 711 397 83 766 452 138 821 507 193 876 562 248 931 617 303 986 0 358 44 727 413 99 782 468 154 837 523 209 892 578 264 947 633 319 5 0 374 60 743 429 115 798 484 170 853 539 225 908 594 280 963 649 335 21 0 690 76 759 445 131 814 500 186 869 555 241 924 610 296 979 665 351 37 0 406 92 775 461 147 830 516 202 885 571 257 940 626 312 995 681 367 53 0 422 108 791 477 163 846 532 218 901 587 273 956 642
0 41 761 484 207 927 650 373 96 816 539 262 982 1405 428 151 871 594 317 0 760 483 206 926 649 372 95 815 538 261 981 704 427 150 870 593 316 39 0 482 205 925 648 371 94 814 537 260 980 703 426 149 869 592 315 38 758 0 204 924 647 370 93 813 536 259 979 702 425 148 1168 591 314 37 757 480 0 923 646 369 92 812 535 258 978 701 424 147 867 590 313 36 756 479 202 0 645 368 91 811 534 257 977 700 423 146 866 589 312 35 755 478 201 921 0 367 90 810 533 256
514 274 34 0 551 311 71 828 588 348 108 865 625 385 145 902 662 422 182 939 1399 459 0 976 736 496 256 16 773 533 293 53 810 570 330 90 847 607 367 127 884 0 404 164 921 681 441 201 958 718 478 238 995 755 515 275 35 792 552 312 0 829 589 349 109 866 626 386 146 903 663 723 183 940 700 460 220 977 737 0 257 17 774 534 294 54 811 571 331 91 848 608 368 128 885 645 405 165 0 682 442 202 959 719 479 239 996 756 516 276 36 793 553 313 73 830 590 0 110 867
710 507 304 101 895 692 489 286 83 877 0 471 268 65 859 656 453 250 47 841 638 435 232 29 823 620 417 914 11 0 602 399 196 990 787 584 381 178 972 769 566 363 160 954 751 548 345 142 0 733 530 327 124 918 715 512 309 106 900 697 494 291 88 882 679 476 273 0 864 661 458 255 352 846 643 440 237 34 828 625 422 219 16 810 607 404 0 995 792 589 386 183 977 774 571 368 165 959 756 553 350 147 941 738 535 0 129 923 720 517 314 111 905 702 499 296 93 887 684 481
906 740 574 408 242 76 907 0 575 409 243 77 908 742 576 410 244 78 909 743 577 411 245 79 910 744 0 412 246 80 911 745 579 413 947 81 912 746 580 414 248 82 913 747 581 0 249 83 914 748 582 416 250 84 915 749 583 417 251 85 916 750 584 418 0 86 917 751 585 419 253 87 918 1052 586 420 254 88 919 753 587 421 255 0 920 754 588 422 256 90 921 755 589 423 257 91 922 756 590 424 258 92 0 757 591 425 259 93 924 758 592 426 260 94 925 759 593 427 261 95
105 973 844 715 586 457 328 199 70 938 809 680 551 422 293 164 0 903 774 645 516 387 258 129 997 868 739 610 481 352 223 94 962 833 704 0 446 317 188 59 927 1498 669 540 411 282 153 24 892 763 634 505 376 247 0 986 857 728 599 470 341 212 83 951 822 693 564 435 306 177 48 916 787 0 829 400 271 142 13 881 752 623 494 365 236 107 975 846 717 588 459 330 0 72 940 811 682 553 424 295 166 37 905 776 647 518 389 260 131 2 870 0 612 483 354 225 96 964 835 706
301 209 117 25 930 838 746 654 562 470 378 286 194 0 10 915 823 731 639 547 455 363 271 179 87 992 900 808 716 624 532 440 0 256 164 72 977 885 793 701 609 517 425 333 241 149 57 962 1570 778 686 0 502 410 318 226 134 42 947 855 763 671 579 487 395 303 211 119 27 932 0 748 656 564 472 680 288 196 104 12 917 825 733 641 549 457 365 273 181 0 994 902 810 718 626 534 442 350 258 166 74 979 887 795 703 611 519 427 0 243 151 59 964 872 780 688 596 504 412 320
497 0 387 332 277 222 167 112 57 2 944 889 834 779 724 669 614 559 504 449 0 339 284 229 174 119 64 9 951 896 841 786 731 676 621 566 511 456 401 0 291 236 181 126 71 16 958 903 848 793 738 683 628 573 518 1163 408 353 0 243 188 133 78 23 965 910 855 800 745 690 635 580 525 470 415 360 605 0 195 140 85 30 972 917 862 807 752 697 642 587 532 477 422 367 312 257 0 147 92 37 979 924 869 814 759 704 649 594 539 484 429 374 319 264 209 0 99 44 986 931
693 675 657 639 0 603 585 567 549 531 513 495 477 459 441 423 405 387 369 351 333 315 297 0 261 243 225 207 189 171 153 135 117 99 81 63 45 27 9 988 970 952 0 916 898 880 862 844 826 808 790 772 754 736 718 700 682 664 646 628 610 0 1274 556 538 520 502 484 466 448 430 412 394 376 358 340 322 604 286 268 0 232 214 196 178 160 142 124 106 88 70 52 34 16 995 977 959 941 923 0 887 869 851 833 815 797 779 761 743 725 707 689 671 653 635 617 599 581 0 545
889 908 927 946 965 984 6 25 44 63 82 101 0 139 158 177 196 215 234 253 272 291 310 329 348 367 386 405 424 443 462 0 500 519 538 557 576 595 614 633 652 671 690 709 728 747 766 785 804 823 0 861 880 899 918 937 956 975 994 16 35 54 73 92 111 130 149 168 187 0 225 244 263 282 301 320 339 358 677 396 415 434 453 472 491 510 529 548 0 586 605 624 643 662 681 700 719 738 757 776 795 814 833 852 871 890 909 0 947 966 985 7 26 45 64 83 102 121 140 159
88 144 200 256 312 0 424 480 536 592 648 704 760 816 872 928 984 43 99 155 211 267 323 379 0 491 547 603 659 715 771 827 883 939 995 54 110 166 222 278 334 390 446 0 558 614 670 726 782 838 894 950 9 65 121 177 233 289 345 401 457 513 0 625 681 737 793 849 905 961 20 76 132 188 244 300 1056 412 468 824 580 0 692 748 804 860 916 972 31 87 143 199 255 311 367 423 479 535 591 647 0 759 815 871 927 983 42 98 154 210 266 322 378 434 490 546 602 658 714 0
284 377 470 563 656 749 0 935 31 124 217 310 403 496 589 682 775 868 961 57 150 243 336 429 522 0 708 801 894 987 83 176 269 362 455 548 641 734 827 920 16 109 202 295 0 481 574 667 760 853 946 42 135 228 321 414 507 600 693 786 879 972 68 0 254 347 440 533 626 719 812 905 1 94 187 280 373 466 559 652 1045 838 0 727 120 213 306 399 492 585 678 771 864 957 53 146 239 332 425 518 611 0 797 890 983 79 172 265 358 451 544 637 730 823 916 12 105 198 291 384
480 610 740 870 3 133 263 393 0 653 783 913 46 176 306 436 566 696 826 956 89 219 349 479 609 739 869 0 132 262 392 522 652 782 912 45 175 305 435 565 695 825 955 88 218 348 0 608 738 868 1 131 261 391 521 651 781 911 44 174 304 434 564 694 824 0 87 217 347 477 607 737 867 997 130 260 390 520 650 780 910 343 173 303 0 563 693 823 953 86 916 346 476 606 736 866 996 129 259 389 519 649 779 0 42 172 302 432 562 692 822 952 85 215 345 475 605 735 865 995
676 843 13 180 347 514 681 848 18 185 352 519 686 853 0 190 357 524 691 858 28 195 362 529 696 863 33 200 367 534 701 868 38 0 372 539 706 873 43 210 377 544 711 878 48 215 382 549 716 883 53 220 0 554 721 888 58 225 392 559 726 893 63 230 397 564 731 898 68 235 402 0 736 903 73 240 407 574 741 908 78 245 712 579 746 913 83 250 417 584 0 918 88 255 422 589 756 1623 93 260 427 594 761 928 98 265 432 599 766 0 103 270 437 604 771 938 108 275 442 609
872 79 283 487 691 895 102 306 510 714 918 125 329 533 737 941 148 352 556 760 964 171 375 579 783 987 194 398 602 806 13 217 421 625 829 36 240 444 648 852 59 263 467 671 875 82 286 490 694 898 105 309 513 717 921 128 332 536 740 944 151 355 559 763 967 174 378 582 786 990 197 401 605 809 16 220 424 628 832 39 243 447 651 1155 62 266 470 674 878 85 289 493 697 901 108 312 516 720 924 131 335 539 743 947 854 358 562 766 970 177 381 585 789 993 200 404 608 812 19 223
71 312 553 794 38 279 520 761 5 0 487 728 969 213 454 695 936 180 421 662 903 147 388 629 870 114 355 596 0 81 322 563 804 48 289 530 771 15 256 497 738 979 223 464 705 946 190 0 672 913 157 398 639 880 124 365 606 847 91 332 573 814 58 299 540 781 0 266 507 748 989 233 474 715 956 200 441 682 923 167 408 649 890 134 675 0 857 101 342 583 824 68 309 550 791 35 276 517 758 2 243 484 725 966 0 451 692 933 177 418 659 1600 144 385 626 867 111 352 593 834
267 545 823 104 382 660 938 219 497 775 56 334 612 890 171 0 727 8 286 564 842 123 401 679 957 238 516 794 75 353 631 909 190 468 0 27 305 583 861 142 420 698 976 257 535 813 94 372 650 928 209 487 765 0 324 602 880 161 439 717 995 276 554 832 113 391 669 947 228 506 784 65 0 621 899 180 458 736 17 295 573 851 132 410 688 1266 247 525 803 84 362 0 918 199 477 755 36 314 592 870 151 429 707 985 266 544 822 103 381 659 0 218 496 774 55 333 611 889 870 448
463 778 96 411 726 744 359 674 989 307 622 937 255 570 885 203 518 0 151 466 781 99 414 729 47 362 677 992 310 625 940 258 573 888 206 521 0 154 469 784 102 417 732 50 365 680 995 313 628 943 261 576 891 209 524 0 157 472 787 105 420 735 53 368 683 1 316 631 946 264 579 894 212 527 0 160 475 790 108 423 738 56 371 686 4 319 934 949 267 582 897 215 530 0 163 478 793 111 426 741 59 374 689 7 322 637 952 270 585 900 218 533 0 166 481 796 114 429 744 62
659 14 366 718 73 425 777 132 484 836 191 543 1595 250 602 954 309 661 0 368 720 75 427 779 134 486 838 193 545 897 252 604 956 311 663 18 370 0 77 429 781 136 488 840 195 547 899 254 606 958 313 665 20 372 724 79 0 783 138 490 842 197 549 901 256 608 960 315 667 22 374 726 81 433 785 0 492 844 199 551 903 258 610 962 317 669 24 676 728 83 435 787 142 494 0 201 553 905 260 612 964 319 671 26 378 730 85 437 789 144 496 848 203 0 907 262 614 966 321 673
855 247 636 28 417 806 198 587 976 368 757 0 538 927 319 708 100 489 878 970 659 51 440 829 221 610 2 391 780 172 0 950 342 731 123 512 901 293 682 74 463 852 244 633 25 414 803 195 584 0 365 754 146 535 924 316 705 97 486 875 267 656 48 437 826 218 607 996 0 777 169 558 947 339 728 120 509 898 290 679 71 460 849 241 630 22 411 0 492 581 970 362 751 143 532 921 313 702 94 483 872 264 653 45 434 823 0 604 993 385 774 166 555 944 336 725 117 506 895 287
0 480 906 335 761 190 616 45 471 897 326 752 181 607 36 462 888 317 743 0 598 27 453 879 308 734 863 589 18 444 870 299 725 154 580 9 435 861 0 716 145 571 997 426 852 281 707 136 562 988 417 843 272 698 127 553 979 0 834 263 689 118 544 970 399 825 254 680 109 535 961 390 816 245 671 100 0 952 381 807 236 662 91 517 943 372 798 227 653 382 508 934 363 789 218 0 73 499 925 354 780 209 635 64 490 916 345 771 200 626 55 481 907 336 0 191 617 46 472 898
250 713 179 0 108 571 37 500 963 429 892 358 821 287 750 216 679 145 608 74 537 3 0 929 395 858 324 787 253 716 182 645 111 1274 40 503 966 432 895 361 824 0 753 219 682 148 611 77 540 6 469 932 398 861 327 790 256 719 185 648 0 577 43 506 969 435 898 364 827 293 756 222 685 151 614 80 543 9 472 0 401 864 330 793 259 722 188 651 117 580 346 509 972 438 901 367 830 296 0 225 688 154 617 83 546 12 475 938 404 867 333 796 262 725 191 654 120 0 49 512
446 946 449 949 452 952 455 955 458 958 0 961 464 964 467 967 470 970 473 973 476 976 479 979 482 982 485 985 488 0 491 991 494 994 497 997 500 3 503 6 1206 9 509 12 512 15 515 18 0 21 521 24 524 27 527 30 530 33 533 36 536 39 539 42 542 45 545 0 548 51 551 54 554 57 557 60 560 63 563 66 566 69 569 72 572 75 0 78 578 81 581 384 584 87 587 90 590 93 593 96 596 99 599 102 602 0 605 108 608 111 611 114 614 117 617 120 620 123 623 126
642 182 719 259 796 336 873 0 950 490 30 567 107 644 184 721 261 798 338 875 415 952 492 32 569 109 0 186 723 263 800 340 877 417 954 494 34 571 111 648 188 725 265 802 342 0 419 1656 496 36 573 113 650 190 727 267 804 344 881 421 958 498 38 575 0 652 192 729 269 806 346 883 423 960 500 40 577 117 654 194 731 271 808 0 885 425 962 502 42 579 119 656 496 733 273 810 350 887 427 964 504 44 0 121 658 198 735 275 812 352 889 429 966 506 46 583 123 660 200 737
838 415 989 566 143 717 294 868 445 22 596 173 747 324 898 475 0 626 203 777 354 928 505 82 656 233 807 384 958 535 112 686 263 837 414 0 565 142 716 293 867 444 21 595 172 746 323 897 474 51 625 202 776 353 0 504 81 655 232 806 383 957 534 111 685 262 836 413 987 564 141 715 292 0 443 20 594 171 745 322 896 473 50 624 201 775 352 926 503 80 654 231 0 682 956 533 110 684 261 835 412 986 563 140 714 291 865 442 19 593 170 0 321 895 472 49 623 200 774 351
37 648 262 873 487 101 712 326 937 551 165 776 390 0 615 229 840 454 68 679 293 904 518 132 743 357 968 582 196 807 421 35 0 260 871 485 99 710 324 935 549 163 774 388 2 613 227 838 452 66 677 0 902 516 130 741 355 966 580 194 805 1119 33 644 258 869 483 97 708 322 0 547 161 772 386 997 611 225 836 450 64 675 289 900 514 128 739 353 964 0 192 803 417 31 942 256 867 481 95 706 320 931 545 159 770 384 995 609 0 834 448 62 673 287 898 512 126 737 351 962
233 0 532 183 831 482 133 781 432 83 731 382 33 681 332 980 631 282 930 581 0 880 531 182 830 481 132 780 431 82 730 381 32 680 331 979 630 281 929 0 231 879 530 181 829 480 131 779 430 81 729 380 31 679 330 978 629 280 0 579 230 878 529 180 828 479 130 778 1129 80 728 379 30 678 329 977 628 0 927 578 229 877 528 179 827 478 129 777 428 79 727 378 29 677 328 1276 0 278 926 577 228 876 527 178 826 477 128 776 427 78 726 377 28 676 327 0 626 277 925 576
429 117 802 490 0 863 551 239 924 612 300 985 673 361 49 734 422 110 795 483 171 856 544 0 917 605 293 978 666 354 42 727 415 103 788 476 164 849 537 225 910 598 0 971 659 347 35 720 408 96 781 469 157 842 530 218 903 591 279 964 652 0 28 713 401 89 774 462 150 835 523 211 896 584 272 1657 645 333 21 706 0 82 767 455 143 828 516 204 889 577 265 950 638 326 14 699 687 75 760 0 136 821 509 197 882 570 258 943 631 319 7 692 380 68 753 441 129 814 0 190
625 350 75 797 522 247 969 694 419 144 866 591 0 41 763 488 213 935 660 385 110 832 557 282 7 729 454 179 901 626 351 0 798 523 248 970 695 420 145 867 592 317 42 764 489 214 936 661 386 111 0 558 283 8 730 455 180 902 627 352 77 799 524 249 971 696 421 146 868 0 318 43 765 490 215 937 662 387 112 834 559 284 709 731 456 181 903 628 0 78 800 525 250 972 697 422 147 1169 594 319 44 766 491 216 938 663 388 0 835 560 285 10 732 457 182 904 629 354 79 801
821 583 345 107 866 0 390 152 911 673 435 197 956 718 480 242 4 763 525 287 49 808 570 332 0 853 615 377 139 898 660 422 184 943 705 467 229 988 750 512 274 36 795 0 319 81 840 602 364 126 885 647 409 171 930 692 454 216 975 737 499 261 0 782 544 306 68 827 589 351 113 872 634 396 158 917 679 441 203 962 724 0 248 10 769 531 293 55 814 1276 338 100 859 621 383 145 904 666 728 190 0 711 473 235 994 756 518 280 42 801 563 325 87 846 608 370 132 891 653 0
20 816 615 414 213 12 0 607 406 205 4 800 599 398 197 993 792 591 390 189 985 784 583 382 181 0 776 575 374 173 969 768 567 366 165 961 760 559 358 157 953 752 551 350 0 945 744 543 342 141 937 736 535 334 133 929 728 527 326 125 921 720 519 0 117 913 712 511 310 109 905 704 503 302 101 897 696 495 294 93 889 688 0 286 85 881 680 479 278 77 873 672 471 270 69 865 1364 463 262 361 857 0 455 254 53 849 648 447 246 45 841 640 439 238 37 833 632 431 230 29
