50 60
856 680 804 1628 55 179 303 427 0 675 799 923 50 174 298 422 546 670 794 918 45 169 293 417 541 0 789 913 40 164 288 412 536 660 784 908 35 159 283 407 531 655 0 903 30 154 278 402 526 650 774 898 25 149 273 397 521 645 769 0
752 1213 77 238 399 560 721 882 46 207 1068 529 0 851 15 176 337 498 659 820 981 145 306 467 628 789 950 114 275 0 597 758 919 83 244 405 566 727 888 52 213 374 535 696 857 21 0 343 504 665 826 987 151 312 473 634 795 956 120 281
948 149 647 545 743 941 142 0 538 736 934 135 333 531 729 927 128 1026 524 722 920 121 319 517 0 913 114 312 510 708 906 107 305 503 701 899 100 298 496 694 892 0 291 489 687 885 86 284 482 680 878 79 277 475 673 871 72 270 0 666
147 382 617 1152 90 325 560 795 33 268 503 738 973 211 446 681 916 154 389 624 859 97 332 567 1502 40 275 510 745 980 218 453 688 923 161 396 631 866 104 339 574 809 47 282 517 752 987 225 460 695 930 168 403 638 873 111 346 581 816 54
343 615 887 162 734 706 978 253 525 797 0 344 616 888 163 435 707 979 254 526 798 73 345 617 889 164 436 0 980 255 527 1499 74 346 618 890 165 437 709 981 256 528 800 75 0 619 891 166 438 710 982 257 529 801 76 348 620 892 167 439
539 848 160 469 778 0 399 708 20 329 638 947 259 568 877 189 498 807 119 428 737 49 0 667 976 288 597 906 218 527 836 148 457 766 78 387 696 8 1017 0 935 247 556 865 177 486 795 107 416 725 37 346 655 964 276 585 0 206 515 824
735 84 430 776 125 471 1117 166 512 0 207 553 899 248 594 940 289 635 981 330 676 25 371 717 66 412 0 107 453 799 148 494 840 189 535 881 230 576 922 271 617 963 312 0 7 1053 699 48 394 740 89 435 781 130 476 822 171 517 863 212
931 317 700 86 469 852 238 921 7 390 773 0 542 925 311 694 80 463 846 232 615 1 384 767 153 536 919 305 0 74 457 840 226 609 992 378 761 147 530 913 299 682 68 451 834 0 603 986 372 755 141 524 1607 293 676 62 445 828 214 597
130 550 0 393 813 236 656 79 799 919 342 762 185 605 28 448 868 291 711 0 554 974 397 817 240 660 83 503 923 346 766 189 609 32 452 872 0 715 138 558 978 401 821 244 664 87 507 927 350 770 193 613 36 0 876 299 719 142 562 1682
326 783 243 700 160 617 777 534 991 751 908 368 825 0 742 202 659 119 576 36 493 950 410 867 327 784 244 701 161 618 0 535 992 452 909 369 826 286 743 203 660 120 577 37 494 951 411 0 328 785 245 702 162 619 79 536 993 453 910 370
522 19 513 10 504 1 495 989 486 980 777 971 468 1662 459 953 0 944 441 935 432 926 423 917 414 908 405 899 396 890 387 881 378 0 369 863 360 854 351 845 342 836 333 827 324 818 315 809 306 800 0 791 288 782 279 773 270 764 261 755
718 252 783 317 848 382 913 447 978 512 46 877 111 642 0 707 241 772 306 837 1071 902 436 967 501 35 566 100 631 165 696 0 761 295 826 360 891 425 956 490 24 555 89 620 154 685 219 750 0 815 349 880 414 945 479 13 544 78 609 143
914 485 56 0 195 763 334 902 473 44 612 183 1051 322 890 461 32 600 171 739 0 878 449 20 588 159 727 998 866 437 8 576 147 715 286 854 425 0 564 135 703 274 842 413 981 552 123 691 262 830 401 969 540 111 0 250 818 389 957 528
113 0 326 931 539 147 752 360 965 573 181 786 394 302 607 215 820 428 0 641 249 854 462 70 675 283 888 496 104 709 317 922 530 138 1443 0 956 564 172 777 385 990 598 206 811 419 27 632 240 845 453 61 0 274 879 487 95 700 308 913
309 951 596 241 0 528 173 815 460 105 747 392 37 679 624 966 611 256 898 543 188 0 475 120 762 407 52 694 339 981 626 271 913 558 203 845 490 135 0 422 67 1409 354 996 641 286 928 573 218 860 505 150 792 437 82 0 369 14 656 301
505 187 866 548 230 909 591 273 952 634 316 995 677 359 41 0 402 84 763 445 127 806 488 170 849 531 213 892 574 256 935 617 0 978 660 342 24 703 385 67 746 428 110 789 471 153 832 514 896 0 557 239 918 600 282 961 643 325 7 686
701 420 139 855 574 293 0 728 447 166 882 601 320 39 755 474 493 909 628 347 66 782 501 0 936 655 374 93 809 528 247 963 682 401 120 836 555 274 990 709 0 147 863 582 301 20 736 455 174 890 609 328 47 763 482 901 917 0 355 74
897 653 1109 165 918 674 430 186 0 695 451 207 960 716 472 228 981 1037 493 249 5 758 514 270 26 0 535 291 47 800 556 312 68 821 577 333 89 842 598 354 110 863 0 375 131 884 640 396 152 905 661 417 173 926 682 438 194 947 703 0
96 886 679 472 265 58 848 641 434 927 20 810 0 396 189 979 772 565 658 151 941 734 527 320 113 903 696 489 282 0 865 658 451 244 37 827 620 413 206 996 789 582 375 168 958 751 0 337 130 920 713 506 299 92 882 675 468 261 54 844
292 122 949 779 609 439 269 0 926 756 586 416 246 76 903 733 1263 393 223 353 880 710 540 370 0 30 857 687 517 347 177 7 834 664 494 324 154 981 811 641 471 0 131 958 788 618 448 278 108 935 765 595 425 255 85 912 742 572 0 232
488 355 222 89 953 820 687 554 421 288 155 22 886 753 620 487 354 221 88 952 1119 686 553 1120 287 154 21 885 752 619 486 353 220 87 951 818 685 552 419 286 153 20 884 751 618 485 352 219 86 950 817 684 551 418 285 152 19 883 750 617
684 588 492 396 300 204 108 12 913 817 0 625 529 433 337 241 145 49 950 854 758 962 566 470 374 278 182 0 987 891 1495 699 603 507 411 315 219 123 27 928 832 736 640 544 0 352 256 160 64 965 869 773 677 581 485 389 293 197 101 5
880 821 762 703 644 0 526 467 408 349 290 231 172 113 54 992 933 874 815 756 697 638 0 520 461 402 343 284 225 166 107 48 986 927 868 809 750 1391 632 0 514 455 396 337 278 219 160 101 42 980 921 862 803 744 685 626 0 508 449 390
79 57 35 13 988 966 944 922 900 0 856 834 812 790 768 746 724 702 680 658 636 614 592 870 548 526 0 482 460 438 416 394 372 350 328 306 284 262 240 218 196 174 152 0 808 86 64 42 20 995 973 951 929 907 885 863 841 819 797 775
275 290 305 320 335 350 365 380 395 410 425 0 455 470 485 500 515 530 545 560 575 590 605 620 935 650 665 680 0 710 725 740 755 770 785 800 815 830 845 860 875 890 905 920 935 0 965 980 995 13 28 743 58 73 88 103 118 133 148 163
471 523 0 627 679 731 783 835 887 939 991 46 98 150 202 254 306 358 410 0 514 566 618 670 722 1074 826 878 930 982 37 89 141 193 245 297 0 401 453 505 557 609 661 713 765 817 869 921 973 28 80 132 184 0 288 340 392 444 1196 548
667 756 845 934 26 815 204 293 382 471 560 649 738 0 916 8 97 186 275 364 453 542 631 720 809 898 1287 79 168 257 0 435 524 613 702 791 880 969 61 150 239 328 417 506 595 684 773 0 951 43 132 221 310 399 488 577 666 755 844 933
863 989 118 244 370 496 622 748 874 3 129 255 1081 507 633 759 0 14 140 266 392 518 644 770 896 25 151 577 403 529 655 781 907 0 162 288 414 540 666 792 918 47 173 299 425 551 677 803 929 58 0 310 436 562 688 814 940 69 195 321
62 225 388 551 714 877 43 206 369 532 695 858 24 187 0 513 676 839 5 868 331 494 657 820 983 149 312 475 938 801 964 0 293 456 619 782 945 111 274 437 600 763 926 92 255 418 581 744 0 73 236 399 562 725 888 54 217 380 543 706
258 458 658 0 61 261 461 661 861 64 264 464 664 864 67 267 467 667 867 70 0 470 670 870 73 273 1173 673 873 376 276 476 676 876 79 279 479 0 879 82 282 482 682 882 85 285 485 685 885 88 288 488 688 888 0 291 491 691 891 94
454 0 928 168 405 642 879 119 356 593 830 70 307 544 781 21 258 495 0 969 209 446 683 920 160 397 634 871 111 348 885 822 62 999 536 0 13 250 487 724 961 201 438 675 912 152 389 626 863 103 340 577 0 54 291 528 765 5 242 479
650 924 201 475 0 26 300 574 848 125 399 673 947 224 498 772 49 323 597 871 148 0 696 970 247 521 795 72 346 620 894 471 445 719 993 270 544 818 0 369 1343 917 194 468 742 19 293 567 841 118 392 666 940 217 491 0 42 316 590 864
846 160 471 782 96 407 718 32 343 654 965 279 590 901 215 0 837 151 462 773 87 398 709 23 334 645 956 270 581 892 206 517 0 142 453 764 78 389 700 14 325 636 947 261 572 883 197 1208 819 0 444 755 69 380 691 5 316 627 938 252
45 393 741 92 440 788 0 487 835 186 534 882 233 581 929 280 628 976 327 675 26 374 722 0 421 769 120 468 816 167 515 863 214 862 910 261 609 957 308 656 0 355 703 54 402 750 101 449 797 148 496 844 195 543 1591 242 590 0 289 637
241 1326 14 399 784 172 557 942 0 715 103 488 873 261 646 34 419 804 192 577 962 350 735 123 508 0 281 666 54 439 824 212 597 982 670 755 143 528 913 301 686 74 0 844 232 617 5 390 775 163 548 933 321 706 94 479 864 252 637 0
437 859 284 706 131 553 975 400 1522 247 669 94 0 938 363 785 210 632 57 479 901 326 748 173 595 20 442 864 289 0 136 558 980 405 827 552 674 99 521 943 368 790 215 637 62 484 0 331 753 178 600 25 447 869 294 716 141 563 985 410
633 95 554 16 475 934 396 0 317 776 238 697 159 618 80 1239 1 460 919 381 840 302 761 223 0 144 603 65 524 983 445 904 366 825 287 746 508 667 129 588 50 0 968 430 889 351 810 272 731 193 652 114 573 35 494 953 415 874 0 795
829 328 824 323 819 318 814 313 809 308 804 303 799 298 794 293 789 288 784 283 779 278 1474 273 769 268 764 263 759 258 754 253 749 248 744 243 739 538 734 233 729 228 724 223 719 218 714 213 709 208 704 203 699 198 694 193 689 188 684 183
28 561 97 630 166 699 235 768 304 837 0 906 442 975 511 47 580 116 649 185 718 254 787 323 856 392 925 0 994 1230 66 599 135 668 204 737 273 806 642 875 411 944 480 16 0 85 618 154 687 223 756 292 825 361 894 430 963 499 35 568
224 794 367 937 510 0 653 226 796 369 939 512 85 655 228 798 371 941 514 87 657 230 0 373 943 516 89 659 232 802 375 945 518 91 661 234 1504 377 947 0 93 663 236 806 379 949 522 95 665 238 808 381 951 524 97 667 0 810 383 953
420 30 637 247 854 464 74 681 291 0 508 118 725 335 942 552 162 769 379 986 596 206 813 423 33 640 0 857 467 77 684 294 901 511 121 728 338 945 555 165 1072 382 989 0 209 816 426 36 643 253 860 470 80 687 297 904 514 124 731 341
616 263 907 554 201 845 492 139 783 430 77 0 368 15 659 306 950 597 244 888 535 182 826 473 120 764 411 58 0 349 993 640 287 931 578 225 869 516 163 807 454 401 745 392 39 0 330 974 621 268 1612 559 206 850 497 144 788 435 82 726
812 496 0 861 545 229 910 594 278 959 643 327 11 692 376 60 741 425 109 0 474 158 839 523 207 888 572 256 937 621 305 986 670 354 38 719 0 87 768 452 136 817 801 185 866 550 234 915 599 283 964 648 332 0 697 381 65 1446 430 114
11 729 450 171 1589 610 331 52 770 491 212 930 651 0 93 811 532 253 971 692 413 134 852 573 294 15 733 454 175 893 0 335 56 774 495 216 934 655 376 97 815 536 257 1275 696 417 138 0 577 298 19 737 458 179 897 618 339 60 778 499
207 962 720 478 236 991 749 507 265 23 778 1236 294 52 807 565 0 81 836 594 352 110 865 623 381 139 894 652 410 168 923 681 439 0 952 710 468 226 981 739 497 255 13 768 826 284 42 797 555 313 0 826 584 342 100 855 613 371 129 884
403 198 990 785 580 375 170 962 757 552 347 142 934 729 0 319 114 906 1401 496 291 86 878 673 468 263 58 850 645 440 235 0 822 617 412 207 2 794 589 384 179 971 766 561 356 451 943 738 0 328 123 915 710 505 300 95 887 682 477 272
599 431 263 0 924 756 588 420 252 84 913 745 577 409 241 73 902 734 566 398 0 62 891 723 555 1087 219 51 880 712 544 376 208 40 869 701 533 0 197 29 858 690 522 354 186 18 1147 679 511 343 175 7 836 668 0 332 164 993 825 657
795 0 533 402 271 140 9 875 744 613 482 351 220 89 955 824 693 562 0 300 169 38 904 773 642 511 380 249 118 984 853 722 1291 460 329 0 67 933 802 671 540 409 278 147 16 882 751 920 489 358 227 96 0 831 700 569 438 307 176 45
991 897 803 709 0 521 427 333 239 145 51 954 860 766 672 578 484 390 296 202 108 0 917 823 729 635 541 447 353 259 165 71 974 880 786 692 598 504 0 1016 222 128 34 937 843 749 655 561 767 373 279 185 91 994 900 0 712 618 524 430
190 133 76 19 959 902 845 788 731 674 617 560 503 446 389 0 275 218 161 104 47 987 930 873 816 759 702 645 588 531 474 417 0 303 246 189 132 75 18 958 901 844 787 730 673 616 1259 502 445 0 331 274 217 160 103 46 986 929 872 815
