25 25
856 680 804 1628 55 179 303 427 551 675 799 923 50 174 298 422 546 670 794 918 45 169 293 417 541
752 1213 77 238 399 560 721 882 46 207 1068 529 690 851 15 176 337 498 659 820 981 145 306 467 628
948 149 647 545 743 941 142 340 538 736 934 135 333 531 729 927 128 1026 524 722 920 121 319 517 715
147 382 617 1152 90 325 560 795 33 268 503 738 973 211 446 681 916 154 389 624 859 97 332 567 1502
343 615 887 162 734 706 1678 253 525 797 72 344 616 888 163 435 707 979 254 526 798 73 345 617 889
539 848 160 469 778 390 399 708 20 329 638 947 259 1268 877 189 498 807 119 428 737 49 358 667 976
735 84 430 776 125 471 1117 166 512 858 207 553 899 248 594 940 289 635 981 330 1376 25 371 717 66
931 317 1400 86 469 852 238 921 7 390 773 159 542 925 311 694 80 463 846 232 615 1 384 767 153
130 550 970 393 813 236 656 79 799 1619 342 762 185 605 28 448 868 291 711 134 554 974 397 817 240
326 783 243 700 160 617 77 534 991 751 908 368 825 285 742 202 1359 119 576 36 493 950 410 867 327
522 19 513 10 504 1 495 989 486 980 777 971 468 962 459 953 450 944 441 935 432 926 423 1617 414
718 252 783 317 848 1082 913 447 978 512 46 877 111 642 176 707 241 772 306 837 371 902 436 967 501
914 485 56 624 195 763 334 902 473 44 612 183 1751 322 890 461 32 600 171 739 310 878 449 20 588
113 718 326 931 539 147 752 360 965 573 181 786 394 302 607 215 820 428 36 1341 249 854 462 70 675
309 1651 596 241 883 528 173 815 460 105 747 392 37 679 624 966 611 256 898 543 188 830 475 120 762
505 187 866 548 230 909 591 273 1652 634 316 995 677 359 41 1020 402 84 763 445 127 806 488 170 849
701 420 139 855 574 293 12 728 447 166 882 601 320 39 755 1174 493 909 628 347 66 782 501 220 936
897 653 409 165 918 674 430 186 939 695 451 207 960 716 472 228 981 1037 493 249 5 758 1214 270 26
96 886 679 472 965 58 848 641 434 227 20 810 603 396 189 979 772 565 658 151 941 734 527 320 113
292 122 949 779 609 439 269 99 926 756 586 1116 246 76 903 733 563 393 223 353 880 710 540 370 200
488 355 222 89 953 820 687 554 421 288 155 22 886 753 620 487 354 221 788 952 1119 686 553 420 287
1384 588 492 396 300 204 108 12 913 817 721 625 529 433 337 241 145 49 950 854 758 962 566 470 374
880 821 762 703 644 585 526 1167 408 349 290 231 172 113 54 992 933 874 815 756 697 638 879 520 461
79 57 35 13 988 966 944 922 900 878 856 834 812 790 1468 746 724 702 680 658 636 614 592 870 548
275 290 305 320 335 350 365 380 395 410 425 440 455 470 485 500 515 530 545 560 575 1290 605 620 935
