15 20
856 680 804 1628 55 179 303 427 551 0 799 923 50 174 298 422 546 670 794 918
752 1213 77 238 399 560 721 882 46 707 1068 529 690 851 15 176 337 498 659 820
948 149 647 545 743 941 142 340 538 0 934 135 333 531 729 927 128 1026 524 722
147 382 617 1152 790 325 560 795 33 0 503 738 973 211 446 681 916 154 389 624
343 615 887 162 734 706 978 253 525 0 72 1044 616 888 163 435 707 979 254 526
539 848 160 469 778 390 399 708 20 0 638 947 259 568 877 189 498 807 819 428
735 84 430 776 125 1171 1117 166 512 0 207 553 899 248 594 940 289 635 981 330
931 317 700 86 469 852 238 921 7 0 773 159 1242 925 311 694 80 463 846 232
0 0 0 0 0 0 0 0 0 0 0 0 0 0 0 0 0 0 0 834
326 783 243 700 160 617 777 534 991 0 908 368 825 285 742 202 659 119 576 36
522 19 513 10 504 1 495 989 486 0 777 971 468 1662 459 953 450 944 441 935
1418 252 783 317 848 382 913 447 978 0 46 877 111 642 176 707 241 772 306 837
914 485 56 624 195 763 334 1602 473 0 612 183 1051 322 890 461 32 600 171 739
113 718 326 931 539 147 752 360 965 0 181 786 394 302 1307 215 820 428 36 641
309 1651 596 241 883 528 173 815 460 0 747 392 37 679 624 966 611 256 898 543
